Date,open,high,low,close,volume
2010-01-04,13.171614234857225,13.361036996031135,13.063373025711273,13.232500076293945,16539100
2010-01-05,13.428688361662381,13.570754467829827,13.171614516687448,13.279855728149414,18060900
2010-01-06,13.239265182321915,13.38133257438263,13.063372896613735,13.11072826385498,13448300
2010-01-07,13.07689703274535,13.259554466729071,13.022776454935695,13.239258766174316,9861300
2010-01-08,13.158085859775966,13.47604426988245,13.09720001459899,13.455748558044434,11434300
2010-01-11,13.949599159754463,14.10519573058579,13.678994857028918,13.861652374267578,25617100
2010-01-12,13.766943816529366,13.861654563237433,13.543696134762389,13.645172119140625,16162900
2010-01-13,13.760175316352736,13.929302346995875,13.638403647835782,13.739879608154297,15961300
2010-01-14,13.706052613724289,13.780468908689135,13.570750493849415,13.665462493896484,14059800
2010-01-15,13.692520659611073,13.692520659611073,13.185139700577546,13.300146102905273,16443600
2010-01-19,13.117488781514645,13.388092994689941,13.022778081105203,13.388092994689941,18925800
2010-01-20,13.286622140654652,13.415159074514063,13.083670173792115,13.374568939208984,16125600
2010-01-21,13.428687760547627,13.692525540383741,13.19867487390287,13.266325950622559,16865700
2010-01-22,13.218971158737574,13.218971158737574,12.51540199480309,12.555992126464844,16469900
2010-01-25,12.664234161376955,12.846891701239084,12.53569852103288,12.664234161376953,17693500
2010-01-26,12.630409938797648,12.657469599664168,12.19744504223592,12.6168794631958,26839200
2010-01-27,12.616877311472111,12.995721531354285,12.53569705238012,12.948366165161133,17644900
2010-01-28,13.002485155033945,13.171612179221707,12.386862890217433,12.589816093444824,22234500
2010-01-29,12.58981478663645,12.738646087951917,12.183909712650943,12.2312650680542,20518800
2010-02-01,12.285386085510254,12.386862034949003,12.156849194708265,12.285386085510254,16375100
2010-02-02,12.325978977908964,12.704824500132773,12.197443348550845,12.65746784210205,18324900
2010-02-03,12.616876721876173,12.887479723432248,12.583051830557997,12.819829940795898,12932600
2010-02-04,12.691297626396429,12.704828103957519,12.312453287047429,12.346278190612793,16538700
2010-02-05,12.244798014644884,12.339508744605624,11.4735778310004,12.21097183227539,32322500
2010-02-08,12.204209908962133,12.29215541702577,12.008021889712056,12.068907737731934,11449000
2010-02-09,12.177142746678651,12.298914380599275,11.825358313204958,12.01478099822998,18104900
2010-02-10,12.008017341630735,12.014782576663599,11.737414391999343,11.852420806884766,12914700
2010-02-11,11.872716762211716,12.14332103729248,11.710354971365344,12.14332103729248,14990900
2010-02-12,12.028315729750446,12.11626122412142,11.784772375589394,12.102730751037598,15591700
2010-02-16,12.224504875448023,12.305686439866461,12.089203988533548,12.27862548828125,13418200
2010-02-17,12.33274650583588,12.339511743954196,12.03508377065338,12.183915138244629,12557300
2010-02-18,12.143322842366487,12.204208684276503,12.02831639546279,12.170382499694824,10071900
2010-02-19,12.055375223142722,12.386864067208146,12.055375223142722,12.373334884643555,13176500
2010-02-22,12.37333066584776,12.37333066584776,11.798298666965085,12.01478099822998,21806100
2010-02-23,11.723889392646488,11.798305722396218,11.608882924095651,11.642707824707031,23526600
2010-02-24,11.71055246569023,11.961589073258489,11.7037675176348,11.873387336730957,16668800
2010-02-25,11.65627417534332,11.900527128952673,11.364527879442488,11.873387336730957,31412100
2010-02-26,11.812323887294935,12.083715334180923,11.758045597917738,11.961588859558105,20319700
2010-03-01,12.009086237554936,12.076933144197932,11.920883188364172,12.05657958984375,8688200
2010-03-02,12.144782168055848,12.192275523563545,11.893745490630334,11.948023796081543,12978700
2010-03-03,11.99551715158924,12.124428612322193,11.907314096420475,11.948023796081543,12200700
2010-03-04,12.04300760662825,12.04300760662825,11.703767955737312,11.880172729492188,13267300
2010-03-05,12.009087885058303,12.294049331981288,11.961593232156996,12.280479431152344,14018100
2010-03-08,12.361890250846631,12.470446816620537,12.260118632195637,12.450093269348145,13749100
2010-03-09,12.429742884480973,12.565439287398478,12.355109733466664,12.484021186828613,13154600
2010-03-10,12.504374204484666,12.646854241997625,12.40938751280936,12.538297653198242,10807100
2010-03-11,12.497586605112186,12.517941446480922,12.327966809328414,12.450093269348145,12497300
2010-03-12,12.579012601937517,12.579012601937517,12.232987845233067,12.23977279663086,11108200
2010-03-15,12.185482961868484,12.287255853351086,12.158344473143575,12.266901016235352,12912900
2010-03-16,12.375462769999169,12.565437447446396,12.260121232637747,12.538297653198242,22057700
2010-03-17,12.606147173533715,12.93181697426066,12.592577274979238,12.809690475463867,20462100
2010-03-18,13.053937911987305,13.189634251530972,12.972521143538067,13.053937911987305,16267800
2010-03-19,13.155712127685547,13.386395174184424,13.10143383992678,13.155712127685547,24105400
2010-03-22,13.026804265902834,13.230347556830788,12.952171121984131,13.176069259643555,17273900
2010-03-23,13.277839171125652,13.393180699347909,13.162497642903398,13.352472305297852,14103600
2010-03-24,13.51531501129791,13.522099963256014,13.148935370143855,13.203213691711426,12484500
2010-03-25,13.427103010912216,13.630646238444184,13.345684943441661,13.359254837036133,16407200
2010-03-26,13.420319048981698,13.56279905989089,13.35925581742165,13.427103996276855,14425200
2010-03-29,13.488170563227495,13.671360320783071,13.433892260332897,13.637436866760254,13259700
2010-03-30,13.630652496191162,13.73920910659204,13.603512696542506,13.684930801391602,13777600
2010-03-31,13.569584724599986,13.807052716099774,13.569584724599986,13.712064743041992,13626800
2010-04-01,13.759559991860215,13.942748410320052,13.725635252073946,13.827406883239746,15886200
2010-04-05,13.902043923295572,14.078448737466292,13.85455056834516,14.017385482788086,8385300
2010-04-06,13.976671483225124,13.976671483225124,13.752773403724223,13.874899864196777,10402800
2010-04-07,13.800270428147643,13.868118623666195,13.54923249295801,13.617080688476562,12288700
2010-04-08,13.522092356342913,13.528877304484116,13.271054451504593,13.44745922088623,16862500
2010-04-09,13.47459833251184,13.522091673003638,13.318547121343325,13.345686912536621,12740900
2010-04-12,13.399968869549378,13.603512182840511,13.399968869549378,13.556018829345703,9890400
2010-04-13,13.522088090497434,13.617074746315518,13.440670032584698,13.589936256408691,9764800
2010-04-14,13.6781451083462,13.786701712849203,13.50852525204816,13.779916763305664,10610700
2010-04-15,13.745999482908822,13.868126041345011,13.691721156281337,13.718859672546387,9846000
2010-04-16,13.671368039090334,13.77313975271184,13.399976371400466,13.501748085021973,11983500
2010-04-19,13.528880324818736,13.705285133582905,13.311767112215707,13.556018829345703,13452800
2010-04-20,13.644221816384182,13.705285068902707,13.42032365518186,13.637436866760254,11941800
2010-04-21,13.705285416158908,13.963107037916574,13.671360667179707,13.840980529785156,11502300
2010-04-22,13.83419514848725,14.085233106715808,13.589943433939716,14.037739753723145,12896900
2010-04-23,14.07166480629323,14.14629796610215,13.963108188805867,14.13951301574707,11267200
2010-04-26,14.180221488693054,14.248069698457481,14.125943179700904,14.193791389465332,11962500
2010-04-27,14.193789724874476,14.315916229308547,13.637436799427542,13.651006698608398,19247000
2010-04-28,13.949535423011103,13.9766752188572,13.427107293940649,13.617080688476562,20938700
2010-04-29,13.76634623645991,13.813839582537547,13.481384865897459,13.528878211975098,21340700
2010-04-30,13.664574307584592,13.732422504446118,13.04715817492847,13.060728073120117,20394500
2010-05-03,13.209992649954025,13.51530887905253,13.067512605772507,13.440675735473633,12944700
2010-05-04,13.29141328719364,13.318551793811306,12.762198820131438,12.850401878356934,15089800
2010-05-05,12.68756256138052,12.823257635657843,12.375461431759375,12.667207717895508,19674900
2010-05-06,12.531511768949297,12.551866613115584,10.523213732017133,11.873387336730957,34028600
2010-05-07,11.975158840037897,12.090500367541459,11.452729492280797,11.900527000427246,24251600
2010-05-10,12.51794446728217,12.680779355237966,12.341539681805893,12.490804672241211,18552100
2010-05-11,12.33475705516491,12.531515429866632,12.246553998773495,12.361895561218262,12949700
2010-05-12,12.422954541057061,12.75540921387406,12.361891305835933,12.572220802307129,12848700
2010-05-13,12.558651415243624,12.768979626131888,12.50437312552741,12.565436363220215,13646600
2010-05-14,12.389034255203553,12.416172758833822,11.988731297407025,12.185489654541016,18009300
2010-05-17,12.260121076165413,12.456880699663495,12.0430079013376,12.429740905761719,19690200
2010-05-18,12.450101113573783,12.660429430516707,12.192278136846316,12.23977279663086,17844400
2010-05-19,12.158348553266467,12.246550288841423,11.853032364552185,11.900527000427246,22029800
2010-05-20,11.663058118022775,11.717336403690801,11.405235290527344,11.405235290527344,27923200
2010-05-21,11.194911406012528,11.629137858558973,11.065999942626462,11.520581245422363,18568900
2010-05-24,11.47987161005181,11.601998110280569,11.412023410580636,11.439163208007812,15879400
2010-05-25,11.120275713694713,11.507008721578195,10.964225779653416,11.500225067138672,17626800
2010-05-26,11.758813815522208,11.758813815522208,11.411765349145126,11.459399223327637,20326200
2010-05-27,11.731590035164539,11.922126770019531,11.609102226895281,11.922126770019531,17768000
2010-05-28,11.922122828282921,11.976561691967666,11.643123489657999,11.860878944396973,22681900
2010-06-01,11.615906880260612,11.636321946965257,11.139567005146414,11.159980773925781,22685500
2010-06-02,11.241637623547987,11.452588081359865,11.146368628145014,11.452588081359863,16190600
2010-06-03,11.534251038358223,11.629518768903267,11.255251572111607,11.438982009887695,20741000
2010-06-04,11.262053695365358,11.343712665591115,11.003469335846841,11.04429817199707,14267100
2010-06-07,11.125957462496444,11.282469087182108,10.880981842692563,10.887786865234375,14471700
2010-06-08,11.200808682396568,11.622710940564348,11.125956039858462,11.602295875549316,28814600
2010-06-09,11.752003512846997,12.085441780295692,11.70436966005792,11.765613555908203,33063100
2010-06-10,12.071834823995813,12.146688782047418,11.84727424776647,12.119468688964844,18543500
2010-06-11,12.044610603051241,12.711487008057949,12.010585502025455,12.344023704528809,26207300
2010-06-14,12.520955458052988,12.629833230024504,12.405272663092576,12.500541687011719,16852700
2010-06-15,12.38485722934786,12.759124358012803,12.30319826236947,12.7523193359375,20496800
2010-06-16,12.67746423305613,12.759123192575672,12.337220947920779,12.425684928894043,21858700
2010-06-17,12.42568535696485,12.480124232544945,12.17390474620367,12.459709167480469,15099300
2010-06-18,12.439294729408331,12.480123559409943,12.241953004871183,12.405269622802734,13960900
2010-06-21,12.575395723759998,12.711493602619209,12.439299142826354,12.534566879272461,12382300
2010-06-22,12.541370807102643,12.575394624881552,12.289590142592179,12.337224006652832,16672800
2010-06-23,12.262366057916706,12.4597064521667,12.153488330483974,12.344023704528809,11899300
2010-06-24,12.282784659901191,12.282784659901191,11.990176463344087,12.037810325622559,16361800
2010-06-25,12.105858834140072,12.133077626809975,11.752005443953857,11.792834281921387,31616700
2010-06-28,11.8813001721776,11.8813001721776,11.67034960509815,11.738398551940918,13339700
2010-06-29,11.534251038882168,11.602298676174298,11.091933608930406,11.200811386108398,20272700
2010-06-30,11.214418186307949,11.228028228996637,10.935418800815373,10.98985767364502,19629300
2010-07-01,10.92861377947103,11.146369270789613,10.670029458011488,10.98985767364502,19523700
2010-07-02,11.023881119845795,11.194002734053756,10.97624597761064,11.112343788146973,12292800
2010-07-06,11.370930460107992,11.44578440142504,11.030687160194404,11.146369934082031,14031200
2010-07-07,11.18720292283981,11.643129113127381,11.125959009373904,11.622714042663574,11097200
2010-07-08,11.717984367351628,11.840472221374512,11.56827771128244,11.840472221374512,11865300
2010-07-09,11.908515374743894,12.085442044633966,11.826856412515717,11.91532039642334,13982600
2010-07-12,11.724785511751366,11.894907186493871,11.677151650491524,11.779224395751953,10715700
2010-07-13,11.942540383938502,12.119467071587444,11.77922374101455,12.065028190612793,10983400
2010-07-14,12.112660503612739,12.214734528099894,11.949343881528483,12.044612884521484,10828200
2010-07-15,12.003785903172652,12.031005996286877,11.731591461657773,11.990177154541016,15184000
2010-07-16,11.922130212747387,11.922130212747387,11.445788887020507,11.541056632995605,21542400
2010-07-19,11.568271793817628,11.704369628209069,11.486612833597736,11.554661750793457,9523400
2010-07-20,11.228029627558692,11.384541244198356,11.057907966535076,11.336907386779785,23715200
2010-07-21,11.432172775268555,11.697563395049883,11.370928885928635,11.432172775268555,16420700
2010-07-22,11.731594304423414,12.357642320572495,11.731594304423414,12.316813468933105,25788800
2010-07-23,12.350833366134243,12.412077273071015,12.126272806674544,12.255565643310547,21375000
2010-07-26,12.221540585050795,12.27598076739794,12.126272861794062,12.18071174621582,16468800
2010-07-27,12.330418235932889,12.391660838190244,12.194320391543746,12.248759269714355,15878500
2010-07-28,12.024197179640025,12.146684964160901,11.826855460595263,12.0173921585083,17591200
2010-07-29,12.037810077558376,12.466516127155652,12.03100505481234,12.357638359069824,22738800
2010-07-30,12.099053959222008,12.473321123999153,11.97656614589847,12.330419540405273,14838300
2010-08-02,12.745510497886173,13.146997594648031,12.554975128524518,13.031314849853516,22027900
2010-08-03,13.133388198062002,13.194632083478943,12.779536224227916,12.956462860107422,13434700
2010-08-04,13.010905954003752,13.147002511889932,12.929246980931769,13.09256362915039,13036300
2010-08-05,13.024512960169995,13.11978196567295,12.915635209245337,13.078951835632324,11653400
2010-08-06,12.929249740326647,13.017712456936346,12.568591254001154,12.79315185546875,19492600
2010-08-09,12.88841724395752,12.963269891297557,12.738709353426938,12.88841724395752,10705700
2010-08-10,12.745519467241252,12.765934541721562,12.459714914145778,12.623031616210938,18416700
2010-08-11,12.330419621411375,12.405272276103332,12.201126784506528,12.282784461975098,15113400
2010-08-12,12.044614738835662,12.058223485993949,11.792834096489969,11.908516883850098,17661600
2010-08-13,11.894909666056256,11.894909666056256,11.452593479107463,11.479813575744629,22921000
2010-08-16,11.404957326264334,11.404957326264334,11.153176674443877,11.262054443359375,23240400
2010-08-17,11.384538245372921,11.445782131043062,11.262050474032637,11.275660514831543,23224700
2010-08-18,11.296078422096409,11.513833938043044,11.296078422096409,11.37773609161377,18089700
2010-08-19,11.323298172047991,11.323298172047991,10.880982080563372,10.908202171325684,25358500
2010-08-20,10.744881389085648,10.962637501869308,10.615589244682436,10.955832481384277,20447000
2010-08-23,11.044298314566703,11.064713381868003,10.819737765953667,10.846957206726074,15478800
2010-08-24,10.724471718572689,10.826544475131191,10.527130579986892,10.69725227355957,16621600
2010-08-25,10.799323726966644,11.091932563307946,10.64281209926812,11.010274887084961,23432100
2010-08-26,11.105838592471166,11.167272344150131,10.689454564857899,10.791844367980957,18503900
2010-08-27,10.860104981446806,10.9556680288071,10.546110716603476,10.907886505126953,14666300
2010-08-30,10.91471016384379,11.08535916822274,10.880580232773141,10.887406349182129,13717400
2010-08-31,10.860105603463113,10.955668656296814,10.641675024443828,10.703108787536621,12464800
2010-09-01,10.94201760386859,11.256011232344008,10.825975546294744,11.139969825744629,14015300
2010-09-02,11.099012736385967,11.365224798622108,11.07170826746496,11.228706359863281,12309600
2010-09-03,11.41983008894587,11.50174217693587,11.242354983257929,11.474437713623047,13271200
2010-09-07,11.419835954956287,11.556355737749382,11.40618371628715,11.501748085021973,12982900
2010-09-08,11.515398245892293,11.53587529825205,11.358400133423693,11.399356842041016,9165300
2010-09-09,11.563177475097191,11.597306756887248,11.126315116882324,11.126315116882324,14784100
2010-09-10,11.187752124698937,11.208230480907583,10.887410061025102,10.976147651672363,13598000
2010-09-13,11.071705993398194,11.481263829451253,11.058055063690253,11.474437713623047,22543300
2010-09-14,11.62461259837701,12.211644386658454,11.62461259837701,12.02051830291748,32038300
2010-09-15,11.959085733201713,12.02051949534085,11.570006107619799,11.699698448181152,20088100
2010-09-16,11.651917888819572,11.754307066893134,11.529050354351682,11.624614715576172,10672400
2010-09-17,11.733827228451608,11.788434863931103,11.53587373612048,11.604133605957031,13189300
2010-09-20,11.62461259837701,12.047821471188135,11.610960363267283,12.02051830291748,12619300
2010-09-21,12.095602992123379,12.273078142703424,11.931780076653059,12.02051830291748,18771400
2010-09-22,11.795255687734093,11.877166453219749,11.631432854814637,11.713343620300293,18360800
2010-09-23,11.610958529883655,12.170687061512671,11.57000313297018,11.87717056274414,16671400
2010-09-24,12.081950050292939,12.170686959855718,12.02051630446156,12.116079330444336,10431200
2010-09-27,12.109254450641307,12.259425121371141,11.993213063548207,12.122906684875488,9519000
2010-09-28,12.136560180822448,12.498335311997232,12.054648068850526,12.47103214263916,16907200
2010-09-29,12.511981835269571,12.812324372779234,12.471026448956334,12.546111106872559,17195400
2010-09-30,12.648506620370204,12.73041742599018,12.354990079342937,12.47785758972168,11319000
2010-10-01,12.539290878545902,12.628027798325341,12.3072081013397,12.443726539611816,9333500
2010-10-04,12.41641787634747,12.49150252847727,12.102423133615412,12.23211669921875,9914600
2010-10-05,12.402766851352212,12.682631050317013,12.361811464221537,12.634849548339844,11354700
2010-10-06,12.593894901663973,12.744065531271215,12.334507730039766,12.532461166381836,11331100
2010-10-07,12.566594722532363,12.566594722532363,12.170689016898246,12.436901092529297,13926500
2010-10-08,12.430072913370664,12.580244871188178,12.382291400228214,12.539289474487305,8889400
2010-10-11,12.634848848064467,12.648501077000791,12.457373777736896,12.498329162597656,7321500
2010-10-12,12.484684444954526,12.66215830160175,12.395946214682057,12.593899726867676,7434500
2010-10-13,12.668982063980327,12.94202021799849,12.662155947386296,12.764546394348145,10243300
2010-10-14,12.709939408053366,12.798676324378302,12.471030522941902,12.55294132232666,8419500
2010-10-15,12.655328071894289,12.853280197449571,12.62119749717903,12.819150924682617,10814500
2010-10-18,12.79184529250486,12.880583476683142,12.675803953005076,12.873757362365723,9059600
2010-10-19,12.655333024999333,12.682636193509284,12.348164242082335,12.484683990478516,11591900
2010-10-20,12.505157760063707,12.764544953564384,12.46420236707093,12.655329704284668,8737100
2010-10-21,12.737248846622212,12.771378146182188,12.457384423992572,12.64851188659668,8094200
2010-10-22,12.689461991382995,12.737243511533045,12.600723766576804,12.696288108825684,5598300
2010-10-25,12.79184828181986,12.921541880262458,12.709937494765523,12.771369934082031,6603000
2010-10-26,12.675811172257351,12.675811172257351,12.464206715695003,12.600725173950195,9453000
2010-10-27,12.498337659022997,12.682638969107577,12.416426833618136,12.580249786376953,8324400
2010-10-28,12.703114578506872,12.798677621456795,12.491508837762307,12.62120246887207,10551600
2010-10-29,12.600723798151641,12.74406966090977,12.471031472261885,12.47785758972168,14470400
2010-11-01,12.70311390397035,12.798676941845867,12.52563876080957,12.62802791595459,16141600
2010-11-02,12.648503583985534,12.696285092784944,12.35498711341948,12.511983871459961,11593300
2010-11-03,12.484685273723766,12.730419023366434,12.320861038030063,12.68946361541748,13286600
2010-11-04,12.839630741931328,12.969324349976699,12.764546065230183,12.914716720581055,21768700
2010-11-05,12.935192971052658,12.96249613034615,12.75089176351519,12.887410163879395,8025900
2010-11-08,12.771371964675344,13.037585319799932,12.655331881556576,12.955673217773438,9337800
2010-11-09,12.962497141353703,13.139972247422842,12.87376023929337,12.948844909667969,11467800
2010-11-10,12.955677312943173,12.996634027876805,12.628031405168743,12.825984954833984,20319200
2010-11-11,12.737243795608368,12.737243795608368,12.511987122770876,12.70311450958252,9513700
2010-11-12,12.600721918564322,12.716763294173951,12.43689902981224,12.539289474487305,9347700
2010-11-15,12.607735930562551,12.621425425075598,12.416086923886054,12.422931671142578,9340400
2010-11-16,12.320264370532351,12.333953866486802,11.923278126368619,11.943812370300293,21370900
2010-11-17,11.738471257668575,12.114924480347145,11.738471257668575,11.936964988708496,17750800
2010-11-18,12.094392718190083,12.169683639247703,12.005413606896486,12.135459899902344,10177800
2010-11-19,12.142301787434029,12.210747944498857,12.053322697101057,12.203903198242188,9251500
2010-11-22,12.176529962616769,12.518759567337838,12.149150967597961,12.320265769958496,15705500
2010-11-23,12.149149168212132,12.251817773321946,12.060170058584198,12.142304420471191,11238800
2010-11-24,12.217594475455083,12.443465912912147,12.19021548642899,12.422931671142578,16176700
2010-11-26,12.279195500253508,12.429776018546855,12.279195500253508,12.395553588867188,4537500
2010-11-29,12.155991279947367,12.272349355307014,12.019098965817713,12.203903198242188,11236600
2010-11-30,12.060171520813716,12.183373078581718,11.978035843466078,12.087549209594727,11686500
2010-12-01,12.320261053000182,12.505065282115625,12.176525300689395,12.347640037536621,15172300
2010-12-02,12.347642093176136,12.881519325498358,12.347642093176136,12.81307315826416,17145500
2010-12-03,12.792542623135102,12.94996792347141,12.696717448819797,12.826765060424805,11839700
2010-12-06,12.737785775324296,12.963657252819194,12.737785775324296,12.792542457580566,9696100
2010-12-07,12.963657441640583,12.98419038184683,12.69671746943867,12.758318901062012,11842800
2010-12-08,13.018411699281277,13.189526465132497,12.881519364399479,12.90889835357666,17670200
2010-12-09,12.98419025705229,13.114237867618565,12.833609706477116,13.004724502563477,13291600
2010-12-10,13.01156475029316,13.08001090615225,12.86782769243889,12.888361930847168,8900500
2010-12-13,13.114238156816779,13.477002002500441,13.114238156816779,13.210062026977539,17430500
2010-12-14,13.004718135427812,13.210055267997063,12.778846767400973,12.915739059448242,24094000
2010-12-15,12.902056010017242,12.908900758586759,12.73094121228625,12.758318901062012,8283900
2010-12-16,12.730935289176509,12.847293349717704,12.717245798406559,12.833603858947754,8484200
2010-12-17,12.840451853783723,13.025256109440207,12.765160940997298,12.99787712097168,13111700
2010-12-20,13.011568813297092,13.073170242255804,12.888365955379667,12.949967384338379,6149400
2010-12-21,12.997877279038363,13.175836789741874,12.915742923637998,13.168992042541504,10362600
2010-12-22,13.162143730078009,13.299036026000977,13.114231818155476,13.299036026000977,9783100
2010-12-23,13.251127868393871,13.305884541176406,13.196371195611336,13.271660804748535,8848900
2010-12-27,13.189525998162809,13.346951263851862,13.17583650405889,13.28534984588623,7383700
2010-12-28,13.326419224626452,13.346953469175215,13.175838681108866,13.23744010925293,9668500
2010-12-29,13.21690137482848,13.312726511334667,13.182678951041702,13.189523696899414,4293200
2010-12-30,13.1758365571796,13.264815658209796,13.107390391886057,13.244282722473145,4692900
2010-12-31,13.216902506973943,13.278503919468278,13.141612907093451,13.223747253417969,4759200
2011-01-03,13.299037522641719,13.34694943995614,13.093699055648985,13.134767532348633,13770300
2011-01-04,13.114238534382988,13.134772780938194,13.004725163759936,13.052637100219727,9788800
2011-01-05,13.01841541208567,13.086861599047172,12.956813974370561,12.991036415100098,10519000
2011-01-06,13.059476544338741,13.429084999184113,12.997875135197846,13.35379409790039,17072300
2011-01-07,13.381173867496603,13.408552856060231,13.06632333202705,13.319572448730469,20241000
2011-01-10,13.278505318530128,13.353796231845385,13.086857619912433,13.346951484680176,12349700
2011-01-11,13.470149963167142,13.518061872315343,13.27165627612275,13.333257675170898,8588700
2011-01-12,13.476994008030761,13.702865357640146,13.299034565080708,13.641263961791992,14629800
2011-01-13,13.60704359160518,13.675489748912927,13.538598739799298,13.58651065826416,7054600
2011-01-14,13.586508696135665,13.634420607681214,13.483840127752106,13.55912971496582,14880500
2011-01-18,13.668648109592478,13.689182353102911,13.429088462814907,13.579668998718262,10718500
2011-01-19,13.627577597703397,13.627577597703397,13.401706196296782,13.456462860107422,10934700
2011-01-20,13.346952907087807,13.381175341058958,13.134770944361891,13.264817237854004,12951900
2011-01-21,13.374329799888688,13.388017988027814,13.175836058598723,13.230592727661133,12027700
2011-01-24,13.196367603915338,13.538597042036052,13.168988622224864,13.442771911621094,17778900
2011-01-25,14.134080168854284,14.592667818559582,14.03141156484608,14.517376899719238,53384200
2011-01-26,14.613201725099918,15.037565626696948,14.51053312345561,14.907519340515137,28785100
2011-01-27,14.921212973289071,15.215530696071353,14.804854834177531,15.167618751525879,15827200
2011-01-28,15.085482612782613,15.22921842974806,14.743252985147825,14.921211242675781,18323600
2011-01-31,14.94173894269561,15.256590741009674,14.921204704054958,15.20183277130127,14899800
2011-02-01,15.28396793937717,15.769934461231127,15.236056022891951,15.530373573303223,17601000
2011-02-02,15.468782572622866,15.742566069248387,15.414025873297762,15.598830223083496,9478300
2011-02-03,15.544062208539513,15.544062208539513,15.201832731763194,15.448238372802734,18675500
2011-02-04,15.619355339908417,16.036875778911888,15.366106222038994,15.995808601379395,26440300
2011-02-07,15.571440743790294,15.776777901727463,15.434548434830972,15.530373573303223,23725400
2011-02-08,15.564593621114886,15.708330654124042,15.372944678936546,15.475614547729492,14743500
2011-02-09,15.448233336514589,15.605658531188965,15.38663194633741,15.605658531188965,13567500
2011-02-10,15.441402224287566,15.448246974294431,15.119706806980405,15.167618751525879,21476100
2011-02-11,15.078637663875304,15.331886853889777,14.873299106712382,15.304509162902832,14773600
2011-02-14,15.359264413690902,15.38664210211697,15.167615372699291,15.222372055053711,8795600
2011-02-15,15.17446058158309,15.17446058158309,14.934899599450734,14.95543384552002,12609700
2011-02-16,15.071790603940356,15.49615454044242,15.058101107794558,15.249750137329102,15318600
2011-02-17,15.277123279986142,15.886291316754733,15.25659034737711,15.715176582336426,27756700
2011-02-18,15.769941855998404,16.009501550757708,15.612515235224889,15.899988174438477,20012300
2011-02-22,15.523528596177378,15.687798581181683,15.372946797463756,15.468771934509277,18344500
2011-02-23,15.42770712760635,15.496151986048435,15.229213382718722,15.318192481994629,16453500
2011-02-24,15.318192123930165,15.633748935125508,15.297611905235321,15.613168716430664,12076800
2011-02-25,15.722934211085313,15.722934211085313,15.338779118068459,15.503417015075684,13594800
2011-02-28,15.64060982489802,15.86698702760173,15.626890985662413,15.818967819213867,13143000
2011-03-01,15.846407082772195,15.928725346527257,15.098676093466793,15.112396240234375,17772900
2011-03-02,15.0918155942502,15.517130973067964,15.0918155942502,15.311332702636719,15585800
2011-03-03,15.55143183048424,15.777809038261413,15.448533337571948,15.674910545349121,10467300
2011-03-04,15.688632795785292,15.846410593289974,15.510274773570021,15.722931861877441,9636800
2011-03-07,15.68177246883671,15.860130488185325,15.373075645266901,15.496554374694824,15089400
2011-03-08,15.57201605872031,15.674914578105772,15.331918641203789,15.565155982971191,8883700
2011-03-09,15.469114222103721,15.469114222103721,14.851721877539307,15.2084379196167,18637900
2011-03-10,14.982062263484982,15.050661710878948,14.584187038710727,14.625346183776855,15549400
2011-03-11,14.53616431940233,14.687082020604683,14.481285036380992,14.61848258972168,12123800
2011-03-14,14.536166182005788,14.803702557462639,14.508725882766376,14.693943977355957,10090800
2011-03-15,14.15200959654745,14.556744844296148,13.7747146475599,14.46756649017334,16398000
2011-03-16,14.350951469948539,14.591048911182646,13.877616663907101,14.083415031433105,16576400
2011-03-17,14.330364034568111,14.419543674845993,14.083407949516202,14.20688533782959,12449000
2011-03-18,14.43326649792017,14.50872469781479,14.1177096245664,14.234328269958496,12506400
2011-03-21,14.508722154996347,14.508722154996347,14.234325775231136,14.248045921325684,11219300
2011-03-22,14.29606077486863,14.385239080501727,14.193162327315136,14.268620491027832,9436900
2011-03-23,14.227465615229606,14.405823588093206,14.021668658769759,14.302925109863281,13858300
2011-03-24,14.433262786453295,14.700799071263917,14.261764899590068,14.645919799804688,15320500
2011-03-25,14.659641239119571,14.741959499364025,14.55674145117627,14.721379280090332,10103300
2011-03-28,14.789977682682158,14.824278045773008,14.632199937739449,14.714519500732422,9375100
2011-03-29,14.639058050664675,14.700797387538252,14.419540989969686,14.481280326843262,12443700
2011-03-30,14.563597000192669,14.563597000192669,14.261761728492383,14.268620491027832,20436800
2011-03-31,14.323499223341972,14.419538904826844,14.138282547929458,14.15200138092041,14646600
2011-04-01,14.392106620397684,14.392106620397684,14.049110744934866,14.138290405273438,18766000
2011-04-04,14.206887505309354,14.234327801404413,14.090270172181349,14.117709159851074,9184700
2011-04-05,14.145149280182629,14.193168489326979,13.973651356995488,13.994230270385742,14525800
2011-04-06,14.131422685445251,14.131422685445251,13.980503744498709,13.987363815307617,14116300
2011-04-07,13.9873731439231,14.200031555553627,13.836455410749535,13.857035636901855,19705100
2011-04-08,13.836455058343027,13.85703528397118,13.397420712346898,13.431719779968262,31678000
2011-04-11,13.39055624872259,13.610073349779496,13.39055624872259,13.445435523986816,16771900
2011-04-12,13.37683520150074,13.404275491496557,13.074998553671968,13.157318115234375,19726200
2011-04-13,13.28079663713575,13.390555178895134,13.116158824496674,13.26707649230957,14772600
2011-04-14,13.150463945849813,13.486599798636405,13.075004422913318,13.459160804748535,16057200
2011-04-15,13.548339251227235,13.603218547755938,13.49345995469853,13.56205940246582,18006800
2011-04-18,13.37684279581495,13.411141869356982,13.25336403758238,13.369982719421387,10926400
2011-04-19,13.356260222929766,13.67181713953206,13.273941937503468,13.507179260253906,11968100
2011-04-20,13.747270611994121,14.08340629790406,13.712970251130875,14.042245864868164,17790800
2011-04-21,14.152001589447256,14.165721731065073,13.877605299214524,13.987363815307617,9825100
2011-04-25,14.049110778729615,14.145150513819516,13.898193064196102,13.90505313873291,12228600
2011-04-26,14.04225001605833,14.296067527780334,13.932491445698913,14.131429672241211,11800000
2011-04-27,15.036936937283802,15.126115275584143,14.172587306046818,14.46070384979248,32883600
2011-04-28,14.419549349378812,14.488148797721205,14.282350452694027,14.433269500732422,12337100
2011-04-29,14.357800192059768,14.433259664654319,14.261761814884709,14.364660263061523,10735900
2011-05-02,14.460706155430394,14.508725368973392,14.213748704723045,14.241189002990723,7489400
2011-05-03,14.206888533625659,14.241188906227197,13.959932393021722,14.138290405273438,11577400
2011-05-04,14.09712233140071,14.131422685445251,13.829586111976885,13.987363815307617,9782600
2011-05-05,13.92563417982696,14.035392772320966,13.726697221591184,13.795296669006348,13452300
2011-05-06,13.93934403477164,14.193161410199174,13.850165734900957,13.925623893737793,9640500
2011-05-09,14.1245667748416,14.426403437211983,14.097126483523791,14.289204597473145,12151300
2011-05-10,14.268628809520296,14.378387392022336,14.090272094273615,14.371528625488281,9301700
2011-05-11,14.344084327137221,14.501862081949072,14.1382873694196,14.248045921325684,9499300
2011-05-12,14.248049558413015,14.501865783827853,14.097130529698319,14.440126419067383,10000000
2011-05-13,14.44698884373347,14.44698884373347,14.090274055171745,14.220611572265625,7664900
2011-05-16,14.13828967716124,14.419546175882198,14.076550318083433,14.110849380493164,9360800
2011-05-17,14.062829665402344,14.062829665402344,13.699253598141755,13.911911964416504,10792700
2011-05-18,13.93249225616455,14.069691131307486,13.843313903219453,13.93249225616455,10569500
2011-05-19,13.939347641457545,13.980506766783993,13.685531508781942,13.877608299255371,12138400
2011-05-20,13.850172322675348,13.870751235589728,13.527755397147025,13.685534477233887,21442000
2011-05-23,13.507172291126398,13.527751197652353,13.315094210193244,13.363113403320312,18690200
2011-05-24,13.459158100270983,13.520896151219478,13.376838518297376,13.411137580871582,10598200
2011-05-25,13.397420712346898,13.541478366467294,13.253361749800945,13.431719779968262,11148800
2011-05-26,13.41108555304701,13.610533096052096,13.328555218616419,13.569267272949219,9363400
2011-05-27,13.61053330641084,13.699939967631913,13.43859630948362,13.665553092956543,8675600
2011-05-31,13.830607875295696,13.954402681996912,13.679302528538766,13.85811710357666,9649000
2011-06-01,13.85812413150314,13.85812413150314,13.493618473334944,13.562392234802246,15452900
2011-06-02,13.589897988374485,13.644917765178635,13.342308336868335,13.390450477600098,13361500
2011-06-03,13.163498154631649,13.287293021955207,13.03970328730809,13.087846755981445,13211800
2011-06-06,13.032823702979762,13.149740902696458,12.943415738139022,12.970926284790039,11462200
2011-06-07,13.019067666314863,13.156616456179938,12.977803160532838,12.991557121276855,8982800
2011-06-08,12.86089221122554,12.902156737040178,12.695831484415734,12.833381652832031,12081400
2011-06-09,12.840250476858628,12.970922915962388,12.750843847013776,12.867759704589844,8434800
2011-06-10,12.826496853104814,12.826496853104814,12.551397981616152,12.633928298950195,11184600
2011-06-13,12.695828383018469,12.73709421052812,12.510137406326256,12.57203483581543,10259500
2011-06-14,12.723339863059989,12.888399249816368,12.723339863059989,12.743972778320312,7455400
2011-06-15,12.606417489493328,12.661437262628288,12.296930445749888,12.365705490112305,13972500
2011-06-16,12.351954794708977,12.427607502710927,12.145630896963196,12.345078468322754,13007000
2011-06-17,12.461994255927417,12.517014043097673,12.214404557773664,12.241913795471191,10525100
2011-06-20,12.173135024399652,12.400091716838137,12.090604721797177,12.32443904876709,9420100
2011-06-21,12.372581818617514,12.372581818617514,12.097482982005689,12.145625114440918,22796100
2011-06-22,12.13875442452667,12.26942693859477,12.11812281983598,12.193774223327637,20484300
2011-06-23,12.035585559216578,12.24878699325435,11.877403892407095,12.23503303527832,19540300
2011-06-24,12.241914772922136,12.269425324591433,12.035590882503623,12.069977760314941,15285100
2011-06-27,12.07685245051125,12.07685245051125,11.829264104795518,11.946181297302246,18067400
2011-06-28,11.987448728857657,12.131875189795556,11.898040747707746,12.069977760314941,12992500
2011-06-29,12.118119954105222,12.269424037083148,12.035589619533065,12.152506828308105,13368400
2011-06-30,12.221277629451343,12.489498827730928,12.173135497634465,12.482621192932129,15373900
2011-07-01,12.606420062648898,12.860887385197897,12.48950285690073,12.750847816467285,18175100
2011-07-05,12.854012597141905,12.874644200992224,12.551403060174819,12.592667579650879,12211800
2011-07-06,12.585786794621225,12.682072398360877,12.510135413124111,12.544522285461426,13280700
2011-07-07,12.743967145438193,12.792109281324537,12.420724841444475,12.510132789611816,16828300
2011-07-08,12.351952072375271,12.413849490412067,12.180015091556406,12.283178329467773,11386900
2011-07-11,12.131875462587956,12.131875462587956,11.829267258073187,11.863654136657715,19684200
2011-07-12,11.829266910292233,11.829266910292233,11.602310107691029,11.616064071655273,18279700
2011-07-13,11.739859457305599,11.891164873689025,11.595432990876349,11.629819869995117,13535800
2011-07-14,11.684835671233847,11.684835671233847,11.354717022095699,11.389103889465332,20423000
2011-07-15,11.437246711939908,11.512899398803711,11.347840064371308,11.512899398803711,13611700
2011-07-18,11.416614401796268,11.42349203760651,11.251555077675166,11.34783935546875,12298000
2011-07-19,11.402861163978194,11.595431065686832,11.354719016494819,11.588553428649902,10134000
2011-07-20,11.684834143660305,11.781118409127838,11.567916973403415,11.595427513122559,10652700
2011-07-21,11.705472424003613,11.774247493110606,11.588555200054328,11.691717147827148,17764500
2011-07-22,11.677959588787216,11.794876789880966,11.602308208156021,11.787999153137207,16033900
2011-07-25,11.671080950701327,11.73985600046316,11.622938809400537,11.705469131469727,15793200
2011-07-26,11.753610870153897,11.932425468699428,11.691713458666024,11.89116096496582,23325600
2011-07-27,11.292822552524521,11.313455465384902,10.95582617978979,11.031478881835938,44281300
2011-07-28,10.997093460503038,11.19654106634016,10.976461198339393,11.003971099853516,17140800
2011-07-29,10.90768057657648,11.038352378428133,10.770131138867516,10.942068099975586,15349000
2011-08-01,11.052111037719026,11.107130829666698,10.591319788241538,10.749502182006836,18340000
2011-08-02,10.625702503970249,10.790761804967344,10.391868166280684,10.405623435974121,18870900
2011-08-03,10.398749603427888,10.605074133060455,10.309342285390855,10.577564239501953,17784100
2011-08-04,10.41938397796926,10.41938397796926,9.937960414874393,9.965470314025879,30062700
2011-08-05,10.123653321103948,10.219937645849617,9.490924947541966,9.848553657531738,29154400
2011-08-08,9.449655684397579,9.67661243162072,9.208944320678711,9.208944320678711,31645300
2011-08-09,9.346493778370398,9.88981457641808,9.181434444861923,9.8623046875,26972400
2011-08-10,9.62847333429038,9.6422286110226,9.043887190924814,9.078274726867676,26459000
2011-08-11,9.312107946307783,9.917326268429221,9.298353327291727,9.79353141784668,33976700
2011-08-12,9.931080066817414,10.054874907170504,9.724756207412332,9.903570175170898,19584600
2011-08-15,10.04111981713376,10.72199009528452,10.020486907453417,10.7013578414917,29805200
2011-08-16,10.481277866835487,10.66009247873042,10.309340891372093,10.426258087158203,24742900
2011-08-17,10.46752531584666,10.48127993553699,10.309342926138203,10.364362716674805,16911700
2011-08-18,10.054874907170504,10.247444148696104,9.766020716938327,9.903570175170898,31045900
2011-08-19,9.800411495158903,10.206183023409281,9.738514054457962,9.848553657531738,21637500
2011-08-22,10.343732412619552,10.343732412619552,9.683494145606058,9.738513946533203,23784600
2011-08-23,9.779775968870863,10.034242630004883,9.71787854883251,10.034242630004883,18442300
2011-08-24,9.951714254282038,9.965468873926248,9.676614646633809,9.944836616516113,14463500
2011-08-25,10.013609081875531,10.054873585979449,9.628469993543312,9.64222526550293,19232100
2011-08-26,9.600960891940835,9.958589465647718,9.367126496573343,9.88293743133545,23226400
2011-08-29,10.048573494244652,10.441958361007517,10.048573494244652,10.414352416992188,10262800
2011-08-30,10.366043615052318,10.39364956289066,10.117589426329518,10.241816520690918,17299500
2011-08-31,10.345336981142546,10.517874291667983,10.26251915107165,10.372942924499512,13745600
2011-09-01,10.400550245160535,10.5454816315217,10.15209672204612,10.17280101776123,14910900
2011-09-02,10.007162215747472,10.020965514039215,9.655186007437894,9.744905471801758,11832300
2011-09-06,9.468846878901392,9.717300345314634,9.379127407041112,9.68969440460205,15732500
2011-09-07,9.882936904176349,10.027868270874023,9.765611480745964,10.027868270874023,17016700
2011-09-08,9.855332500288231,10.200407174117993,9.800120605129687,9.910544395446777,22378900
2011-09-09,9.79321851503356,9.841529414766631,9.310114124946601,9.372227668762207,29544900
2011-09-12,9.254901247638465,9.344620728251625,9.047856343006368,9.3239164352417,30172200
2011-09-13,9.365328097339992,9.517161165030704,9.289411892583546,9.455047607421875,22284000
2011-09-14,9.496456086011136,9.60687988684279,9.268706832251404,9.468850135803223,26247000
2011-09-15,9.613780885941605,9.662091130979631,9.379129996023664,9.606879234313965,19816100
2011-09-16,9.627581505522318,9.79321716067209,9.524059385598107,9.62067985534668,17874800
2011-09-19,9.48264907227528,9.489550721671826,9.144476149974668,9.227293968200684,22876600
2011-09-20,9.310114825881023,9.399834322794128,9.261804580688477,9.261804580688477,23260100
2011-09-21,9.24800034637022,9.372227430847925,8.875319751114768,8.896024703979492,19308500
2011-09-22,8.592360992196879,8.730390758132916,8.212778642239396,8.371513366699219,41445100
2011-09-23,8.309398399021507,8.66137473613099,8.28179245051357,8.523344993591309,17353000
2011-09-26,8.626865113357407,8.626865113357407,8.261086216840773,8.516441345214844,29635500
2011-09-27,8.682077738068896,9.082364260821633,8.633767499929727,8.820107460021973,24645500
2011-09-28,8.827006591516126,8.951233634909435,8.606159099419083,8.619961738586426,20335100
2011-09-29,8.833909596755284,8.930530060296404,8.523342598757676,8.737288475036621,28082000
2011-09-30,8.578555724224104,8.751093043484104,8.523343834715114,8.530244827270508,23453800
2011-10-03,8.44742618093229,8.44742618093229,8.129957517685934,8.198972702026367,28020800
2011-10-04,8.033336938323803,8.240381172126591,7.943617463193063,8.212775230407715,29200000
2011-10-05,8.247284383010099,8.737290434893557,8.205875791683434,8.695881843566895,20646800
2011-10-06,8.937435226906423,9.32391920768485,8.902927622844059,9.317017555236816,38886100
2011-10-07,9.461948664131416,9.475751310409683,9.109972298635547,9.248002052307129,17345000
2011-10-10,9.489552316921614,9.641385338282095,9.344620946117889,9.475749015808105,13198200
2011-10-11,9.43434330761154,9.627584974922923,9.37913140266543,9.455047607421875,11042700
2011-10-12,9.634484607221369,9.66209055390542,9.351523489165425,9.35842514038086,17772300
2011-10-13,9.310114240050506,9.399833731318093,9.034054773209997,9.35842514038086,13803000
2011-10-14,9.558563768206994,9.613775634714889,9.310109710744095,9.461942672729492,12661500
2011-10-17,9.455046634550605,9.517160185768299,8.978843838844552,9.013351440429688,15753000
2011-10-18,9.068562432706093,9.434341393298677,9.020251532047595,9.386031150817871,14966300
2011-10-19,9.330821382727766,9.351525683053657,9.10307144643161,9.14448070526123,10459300
2011-10-20,9.192790932107759,9.220396885188226,8.951239007198122,9.096170425415039,14547300
2011-10-21,9.282506562478096,9.48955145309012,9.247998971013164,9.482649803161621,16292200
2011-10-24,9.593077489348952,9.92434958133219,9.537865583714717,9.862236022949219,20078900
2011-10-25,9.848432444795364,9.848432444795364,9.45504683161038,9.468850135803223,20204600
2011-10-26,9.938149078076117,10.31082965204953,9.31701500751297,9.751809120178223,46591800
2011-10-27,10.621396995020266,10.780131003614676,10.214208839857072,10.642101287841797,40044100
2011-10-28,10.662804506099386,10.683508796834404,10.331533221628955,10.566184043884277,22371200
2011-10-31,10.338438873588947,10.352242179086423,9.862236022949219,9.862236022949219,31207100
2011-11-01,9.613779956895547,9.724203739555865,9.46194692664878,9.586174011230469,30932100
2011-11-02,9.744908074189432,9.862233508291169,9.599976694309502,9.63448429107666,24049000
2011-11-03,9.765613006111169,9.945051994465294,9.57237137305626,9.910544395446777,19820500
2011-11-04,9.807021745374259,10.089982857856777,9.74490820201416,10.034770965576172,13753800
2011-11-07,10.055474814165116,10.234913785198671,9.951952685279874,10.186603546142578,15079900
2011-11-08,10.248717372796364,10.317731907920239,10.096884342439576,10.276323318481445,15566000
2011-11-09,9.965757185662419,10.13829453807344,9.772515535251848,9.813924789428711,18287000
2011-11-10,10.08998283211712,10.152096375318765,9.85533196143431,10.055475234985352,14699400
2011-11-11,10.400551972478029,10.635202890145619,10.352241721726866,10.483369827270508,22535100
2011-11-14,10.805879973364648,10.805879973364648,10.5076430215679,10.639422416687012,22910800
2011-11-15,10.625549665720625,10.923786590651106,10.597806742106869,10.771200180053711,29381600
2011-11-16,10.70877658799378,10.86136297225144,10.618612597895947,10.701841354370117,22681800
2011-11-17,10.653292181063593,10.701842791609645,10.403605878108626,10.43134880065918,26864400
2011-11-18,10.472965015503117,10.59780785414314,10.403607368469238,10.403607368469238,16165600
2011-11-21,10.146982906474808,10.230211667788694,9.848746015684165,10.077625274658203,21584500
2011-11-22,10.105370234716395,10.188599012828785,9.931976781621366,10.022141456604004,13554700
2011-11-23,9.876489638330009,9.883425534293483,9.716967999830755,9.744710922241211,14108800
2011-11-25,9.765518673795981,9.952783910053922,9.668418107427772,9.67535400390625,6635100
2011-11-28,10.195535529743555,10.431350746124933,10.16085670472684,10.251021385192871,21349900
2011-11-29,9.411799250361558,9.474221018063014,8.766775860815226,9.14824104309082,72064100
2011-11-30,9.182918121931879,9.210661051004886,9.044203476566848,9.203725814819336,41296600
2011-12-01,9.13436737073095,9.411796637446331,9.099688547030638,9.342439651489258,19023100
2011-12-02,9.460346485371621,9.488089409785589,9.155173655374492,9.169045448303223,20827500
2011-12-05,9.321629651817974,9.599059511268916,9.252272683037775,9.446473121643066,19982200
2011-12-06,9.43954191507485,9.675357181235466,9.335506079506914,9.62680721282959,19556900
2011-12-07,9.571322546141996,9.76552310556664,9.446478998647112,9.710037231445312,17685600
2011-12-08,9.626807378198055,9.716972079246174,9.349377376178369,9.377120971679688,17868500
2011-12-09,9.550513325811215,9.633742117970163,9.460348635611444,9.564384460449219,11716000
2011-12-12,9.41873241765857,9.425668314601317,9.051138478458912,9.349374771118164,19688100
2011-12-13,9.404861748070948,9.460347603456558,9.051138923905002,9.113560676574707,19449800
2011-12-14,9.058074821189097,9.189853562369029,9.002588304359916,9.113560676574707,15919800
2011-12-15,9.210658907294713,9.238401829910766,9.099687216830496,9.134366035461426,23851300
2011-12-16,9.259211406030813,9.259211406030813,9.037267318401604,9.071946144104004,23156000
2011-12-19,9.162111098791325,9.175982232618598,8.697416540314633,8.718223571777344,26271200
2011-12-20,8.843063395235237,8.995649772357153,8.718219935640638,8.7251558303833,35586200
2011-12-21,8.732095307754982,8.801452299307599,8.607251796939233,8.704352378845215,33425600
2011-12-22,8.773707673206156,9.071944597377705,8.759836542156313,9.03726577758789,14779700
2011-12-23,9.085817367093913,9.280017852783203,9.023395617047184,9.280017852783203,8817800
2011-12-27,9.21759792510759,9.280019687495454,9.155176162719727,9.155176162719727,10615000
2011-12-28,9.1412993815743,9.148234614211189,8.891612486234791,8.96790599822998,10354800
2011-12-29,8.981780281901184,9.113559669969472,8.954037357272624,9.051137924194336,7690200
2011-12-30,9.00952607817208,9.0511408091007,8.926297277758549,9.00259017944336,8368700
2012-01-03,9.196790203615237,9.307761923363367,9.016460828302712,9.044203758239746,17778100
2012-01-04,9.065008398199566,9.189851880693533,9.023394344997211,9.134366035461426,10831500
2012-01-05,9.09275049762074,9.238400993529694,9.030329423468379,9.210658073425293,10257500
2012-01-06,9.245341538823313,9.474220910159413,9.182919771832792,9.377120971679688,16388100
2012-01-09,9.467285186808228,9.56438578853193,9.363249347524341,9.529706954956055,14144100
2012-01-10,9.654547388905652,9.744712062652345,9.550511583052131,9.703097343444824,16893200
2012-01-11,9.682293714465589,9.973594866877027,9.675357815254898,9.93198013305664,17098500
2012-01-12,10.001333665724642,10.029076589649176,9.716968530137308,9.848747253417969,16015000
2012-01-13,9.730844268879862,9.800201942253416,9.626808420263322,9.710037231445312,18491200
2012-01-17,9.821005645195998,9.952785047574391,9.751648656814774,9.814069747924805,12372000
2012-01-18,9.834877894580597,10.001335468126127,9.772456139140123,9.904234886169434,17593600
2012-01-19,9.966655604529077,10.119242028456892,9.904233855583902,10.022141456604004,17409000
2012-01-20,9.980528113384908,10.077628030751576,9.911170462599936,10.001335144042969,16916400
2012-01-23,10.063756304288168,10.091499230678233,9.758583452553916,9.966655731201172,21393600
2012-01-24,9.883429540068704,10.14005184173584,9.821007773984645,10.14005184173584,18913600
2012-01-25,9.36324599162652,9.460346558548231,9.04420202767632,9.051137924194336,60611200
2012-01-26,9.009525859852195,9.07888352257131,8.725160633302474,8.787582397460938,47477800
2012-01-27,8.739031849863036,8.808388846530859,8.683545987951318,8.75290298461914,22348800
2012-01-30,8.759834886490108,8.780641909853944,8.690477260019524,8.745963096618652,22492200
2012-01-31,8.8430655538836,8.933230223217985,8.752900884549215,8.926294326782227,27149700
2012-02-01,9.009525260371221,9.078882918475376,8.926296467512424,8.947103500366211,24675300
2012-02-02,9.051137514237407,9.065008645201667,8.96790874412144,8.974843978881836,18139100
2012-02-03,9.182920222369287,9.453414338784745,9.058077343706868,9.41873550415039,30629200
2012-02-06,9.515830879320708,9.5921237444338,9.335501567478792,9.52276611328125,29663700
2012-02-07,9.52970522316715,9.57825584592799,9.43954053683258,9.536641120910645,21263200
2012-02-08,9.633741704988708,9.661484634519068,9.501962293636792,9.536641120910645,17441000
2012-02-09,9.557448562408394,9.605999187250514,9.460348635611444,9.564384460449219,23434300
2012-02-10,9.481153789839098,9.585189594064806,9.418732042726269,9.43260383605957,17184500
2012-02-13,9.536640296095294,9.557447326082578,9.404861557584415,9.481154441833496,22374300
2012-02-14,9.474218270313477,9.495025299698185,9.245338962751093,9.349374771118164,21149700
2012-02-15,9.349377376178369,9.488092707910074,9.335506239871432,9.377120971679688,16279800
2012-02-16,9.37712018661653,9.640677707376499,9.356312491732584,9.578256607055664,15168000
2012-02-17,9.689228568977105,9.689228568977105,9.467284448271469,9.599063873291016,13422000
2012-02-21,9.654549091719854,9.71003495282048,9.529705573521627,9.55051326751709,15692800
2012-02-22,9.467283499448369,9.51583412237888,9.377119474242317,9.404862403869629,12342300
2012-02-23,9.404864367162903,9.439542540353502,9.10662731532871,9.41873550415039,17960600
2012-02-24,9.453412332319568,9.619869909501721,9.432605300532702,9.536641120910645,10233500
2012-02-27,9.519206384890305,9.526180322273651,9.37973096257974,9.428547859191895,14855600
2012-02-28,9.470390028181178,9.53315413365921,9.275124439527177,9.303019523620605,20691700
2012-02-29,9.309990743180798,9.323937948620474,9.079856200322043,9.093803405761719,27308000
2012-03-01,9.128675798400643,9.135649736239294,8.989200366984207,9.044990539550781,26123700
2012-03-02,9.05893611907959,9.107753010089265,9.031041037818861,9.05893611907959,23952500
2012-03-05,9.017090608781913,9.079854685466763,8.912483592616839,8.982221603393555,17329400
2012-03-06,8.87064274306756,8.954327970399103,8.856694872643434,8.933406829833984,19761400
2012-03-07,8.968275434263264,9.128672623408816,8.933407087340004,9.038013458251953,18010700
2012-03-08,9.19143869222357,9.372756396529997,9.177490818392414,9.351835250854492,20644900
2012-03-09,9.386704601046315,9.442494768193919,9.24025524601604,9.268150329589844,18094200
2012-03-12,9.268149895539745,9.386704161444031,9.240254813272339,9.379730224609375,16789500
2012-03-13,9.51223147101164,9.714470964728438,9.491309662472167,9.693549156188965,23847400
2012-03-14,9.714469603712661,9.80512876613538,9.644731581827164,9.798154830932617,28935300
2012-03-15,9.78420910258146,9.930658448546268,9.763287957463977,9.902763366699219,17549500
2012-03-16,9.951579268494017,10.021316633636753,9.853946159208812,9.99342155456543,25458500
2012-03-19,9.95158004270201,10.042238557933457,9.846972989243021,9.958553314208984,18756300
2012-03-20,9.916709069095322,9.944604144835308,9.72841680904712,9.798154830932617,22579000
2012-03-21,9.791182165306271,9.846972324020289,9.714470863342285,9.714470863342285,14510100
2012-03-22,9.679601099896038,9.763286331500366,9.602889803859846,9.665653228759766,17227500
2012-03-23,9.637759908300646,9.798157130248997,9.602891554246469,9.777235984802246,13928500
2012-03-26,9.888814028592188,10.07013168901265,9.763285854779424,10.049210548400879,16100600
2012-03-27,10.042240029697767,10.139873160887438,9.90276460304916,9.909738540649414,15846300
2012-03-28,9.902763522553975,9.951580415358025,9.693550072872798,9.777235984802246,16397900
2012-03-29,9.714469984507131,9.791181279531308,9.630784754006823,9.784207344055176,17686900
2012-03-30,9.83302727438333,9.87486957006406,9.686577909358173,9.819079399108887,16063300
2012-04-02,9.777235060204541,9.80513013985268,9.623811789604197,9.693549156188965,16208200
2012-04-03,9.700522527058162,9.770260554650015,9.609863357217202,9.672627449035645,14563000
2012-04-04,9.595917241741185,9.651707404129235,9.484336916965088,9.55407428741455,15656300
2012-04-05,9.512233391807396,9.547101749605133,9.41460026078837,9.442495346069336,9830500
2012-04-09,9.309993407779887,9.463416036882533,9.247229302660049,9.400651931762695,12144900
2012-04-10,9.421571084815731,9.519203518498728,9.275121769220164,9.337885856628418,17156400
2012-04-11,9.449468045467642,9.491310335370732,9.379730008867547,9.43552017211914,11601200
2012-04-12,9.498281844943861,9.630783947611464,9.442491695948354,9.574993133544922,11232500
2012-04-13,9.533155387229789,9.588945562752825,9.470391273498535,9.470391273498535,11402100
2012-04-16,9.519206267786242,9.547101351905193,9.414599868607992,9.46341609954834,12548100
2012-04-17,9.512231998159113,9.616838386368904,9.470389043832476,9.55407428741455,9425300
2012-04-18,9.505259454219331,9.519206664324168,9.407626323200304,9.442495346069336,9003300
2012-04-19,9.449468045467642,9.581969516922374,9.365782800590253,9.43552017211914,12751300
2012-04-20,9.442495397497119,9.484338358182109,9.17051781572293,9.191439628601074,20141000
2012-04-23,9.135645283758725,9.268146712758691,9.086828407751586,9.212356567382812,11401500
2012-04-24,9.17051389657056,9.38670121508817,9.17051389657056,9.309989929199219,19505200
2012-04-25,9.798155446810748,9.993420989264362,9.679601201196133,9.97249984741211,38094700
2012-04-26,9.923682962995374,10.056185079892229,9.888814614931988,9.97249984741211,18044600
2012-04-27,10.000395177056868,10.118949425660727,9.902762070832772,10.077106475830078,14469200
2012-04-30,10.000397011695128,10.132898491170048,9.951580782162985,10.007370948791504,12266300
2012-05-01,9.958553207022618,10.070133530787615,9.90276304514012,9.986448287963867,9344600
2012-05-02,10.007371844019753,10.167768421157511,9.902764773430023,9.944607734680176,14508800
2012-05-03,9.965528018778969,10.007370976401425,9.700524394026747,9.763288497924805,11698400
2012-05-04,9.721444200942516,9.770261088954904,9.526178644106439,9.53315258026123,11189700
2012-05-07,9.463414091898894,9.56802113395618,9.463414091898894,9.484335899353027,9967700
2012-05-08,9.4355212876923,9.442495225191088,9.205386670802582,9.316967010498047,18517000
2012-05-09,9.212359283555136,9.393677642022153,9.191438139138539,9.330913543701172,10920700
2012-05-10,9.400648517254579,9.400648517254579,9.261173148243728,9.289068222045898,10990200
2012-05-11,9.233279026129958,9.393676215828087,9.205383949452598,9.282095909118652,6632700
2012-05-14,9.198410014015487,9.33788606247337,9.177488872775239,9.282095909118652,10475500
2012-05-15,9.289067661831433,9.31696273395128,9.142618366934498,9.17748737335205,14636100
2012-05-16,9.226308093870912,9.275124992749586,8.99617347010574,9.01012134552002,14279400
2012-05-17,8.9961712075933,9.065909236983163,8.898538764532855,8.940381050109863,12476500
2012-05-18,8.996172672598856,9.024067755883223,8.856697256177023,8.891566276550293,16321200
2012-05-21,8.912488109200837,9.233281924214765,8.891566961393991,9.191439628601074,13317200
2012-05-22,9.1774900569579,9.268149234124952,9.079857608525055,9.142621040344238,12792700
2012-05-23,9.038014269134537,9.456441120465389,8.703272655055628,8.905512809753418,28914400
2012-05-24,8.982223046176285,9.003144186741403,8.863668807855497,8.933406829833984,21762000
2012-05-25,8.905513717361227,9.051962398674123,8.905513717361227,9.003146171569824,10229100
2012-05-29,9.111867585064713,9.21708585879025,9.083809512529347,9.189027786254883,16599000
2012-05-30,9.118887891131621,9.125902580828477,9.020684242248535,9.020684242248535,11824600
2012-05-31,9.020682775006287,9.21007535227031,8.943523207764011,9.111871719360352,20602100
2012-06-01,8.936505803545048,9.132913009679916,8.817258810162205,8.845316886901855,23625800
2012-06-04,8.86636455532845,8.86636455532845,8.536681517718367,8.585783004760742,20325700
2012-06-05,8.578765983040867,8.782187903097764,8.564737277253355,8.747115135192871,15890900
2012-06-06,8.86636565046988,9.01367079874919,8.831292868697155,8.999641418457031,19071300
2012-06-07,9.104856554559754,9.182016786723556,9.034711679542417,9.04874038696289,14197800
2012-06-08,8.992625646428523,9.22410504173901,8.992625646428523,9.210076332092285,11501000
2012-06-11,9.315294054094547,9.322308743440606,9.04874187956263,9.055756568908691,12788600
2012-06-12,9.083813220427158,9.259176412593542,9.048740448202384,9.245147705078125,11740600
2012-06-13,9.245146293218992,9.25216031142682,9.097841207536414,9.15395736694336,10897500
2012-06-14,9.160974537811004,9.1820179360545,9.006654723124377,9.132916450500488,10410600
2012-06-15,9.210074516716425,9.252161306318564,9.104856204796159,9.125900268554688,17376700
2012-06-18,9.104852899691569,9.23812924595247,9.083809512529347,9.189027786254883,10550700
2012-06-19,9.238130520769497,9.392450275487993,9.210072444362252,9.294246673583984,10321200
2012-06-20,9.259175399672776,9.343349642429379,9.1679864694471,9.301262855529785,9372100
2012-06-21,9.280218856843607,9.32932100050684,8.92949250847085,8.96456527709961,15772400
2012-06-22,9.020684242248535,9.055757021775182,8.922481262323076,9.020684242248535,13644000
2012-06-25,8.90845171879172,8.929495118536934,8.698015714466734,8.733088493347168,10563300
2012-06-26,8.747114207010673,8.817259066419773,8.627867210162135,8.719056129455566,11347100
2012-06-27,8.747115050598596,8.887405451903996,8.726070988684736,8.831289291381836,8181800
2012-06-28,8.768158443555055,8.838303978686456,8.698012908423655,8.831289291381836,9366500
2012-06-29,9.013667050834401,9.090826603485043,8.915463436495715,9.069783210754395,12472900
2012-07-02,9.06277125825475,9.06978594760081,8.957553593894234,9.055756568908691,8169400
2012-07-03,9.076797526848301,9.203059225289799,9.02068136508706,9.17500114440918,4611200
2012-07-05,9.153959723529624,9.21709058635413,9.118886947631836,9.118886947631836,8228000
2012-07-06,9.034711358916535,9.083812836581895,8.873376881082912,8.971580505371094,9070800
2012-07-09,8.971582523877135,8.971582523877135,8.796219299666122,8.887408256530762,10744200
2012-07-10,8.90845122307638,8.985611466111237,8.733088007390005,8.796218872070312,8913500
2012-07-11,8.747111748159563,8.838300641819401,8.64189348518722,8.71203899383545,10995000
2012-07-12,8.613841557824607,8.676972426833554,8.487580488764335,8.648914337158203,16680800
2012-07-13,8.655925621661241,8.690998387197562,8.578765403689868,8.64189624786377,9848200
2012-07-16,8.634884744047111,8.634884744047111,8.536681105744014,8.59279727935791,9457600
2012-07-17,8.627868622259449,8.676970098777844,8.515636293670292,8.655926704406738,9782000
2012-07-18,8.620850656866077,8.80322845596278,8.613835971756853,8.690996170043945,14796600
2012-07-19,8.77517458765828,8.79621798410823,8.698014352412606,8.74010181427002,10233300
2012-07-20,8.676967819997069,8.70502589477563,8.536677446104255,8.606822967529297,10934900
2012-07-23,8.48056640073612,8.53668258406783,8.382362745426791,8.501609802246094,9605400
2012-07-24,8.536679196698271,8.550707902485748,8.375344731919155,8.466533660888672,11258900
2012-07-25,8.410418135631481,8.431462199339686,7.751052858795916,7.814183712005615,38346400
2012-07-26,7.80015311226679,7.954472877125133,7.751051642567143,7.877312660217285,22636600
2012-07-27,7.891344772628074,8.157896943000644,7.8422432858870375,8.087751388549805,12643900
2012-07-30,8.066706720430961,8.101779492137373,7.961489074269201,8.010590553283691,9473800
2012-07-31,7.996557778837408,8.059688607289667,7.9334276193423445,8.003572463989258,11245600
2012-08-01,8.01760540092458,8.031634108511755,7.4494283610579,7.933431148529053,26498400
2012-08-02,7.814182485870891,7.933429485676336,7.758066329369194,7.877312660217285,10391200
2012-08-03,7.968503634255058,8.01760578555952,7.877314689212517,7.954474925994873,9517600
2012-08-06,8.00357293871438,8.0105876242823,7.898355331024519,7.912384033203125,10397800
2012-08-07,7.94044625936911,8.122824165775224,7.94044625936911,8.087751388549805,14378800
2012-08-08,8.0526766542857,8.228039828836772,8.0526766542857,8.143865585327148,17502200
2012-08-09,8.108796495706043,8.164912678877073,8.017607530813699,8.129839897155762,13746100
2012-08-10,8.101777875081794,8.136850639787939,8.045661719134898,8.115806579589844,6677500
2012-08-13,8.122822951491186,8.221026579250344,8.03163401192,8.08073616027832,11593800
2012-08-14,8.122822951491186,8.15088103528559,8.052677407526431,8.08073616027832,12799200
2012-08-15,8.087752425298653,8.15088329860548,8.045665622399214,8.129839897155762,11361400
2012-08-16,8.136849723720708,8.242067337036133,8.12983503777774,8.242067337036133,11858400
2012-08-17,8.319229570510046,8.417433198652352,8.305200863036852,8.410418510437012,14798900
2012-08-20,8.382360426533138,8.417433198652352,8.284157467348319,8.410418510437012,11822800
2012-08-21,8.431460191472162,8.508619733155104,8.277140439148978,8.31922721862793,10853100
2012-08-22,8.312213689659204,8.319227707346206,8.115806477361705,8.228038787841797,10452700
2012-08-23,8.178938541819226,8.185953229512108,8.066706214562846,8.101778984069824,10385300
2012-08-24,8.08073616027832,8.087750179508808,7.954474448724758,8.08073616027832,11073500
2012-08-27,8.087752425298653,8.15088329860548,8.045665622399214,8.129839897155762,7423100
2012-08-28,8.101782259551133,8.242072725339845,8.09476756902227,8.192971229553223,7625600
2012-08-29,8.238856024228484,8.344753646566168,8.161197812732894,8.30239486694336,8533000
2012-08-30,8.252980614758235,8.267100665753519,8.132963547703755,8.203561782836914,8658600
2012-08-31,8.457713155512616,8.591850891560773,8.422414389134397,8.464773178100586,16633200
2012-09-04,8.485950695275834,8.542429512442345,8.309454223310336,8.408291816711426,9507400
2012-09-05,8.401235048731186,8.415355095129605,8.295337393866514,8.365936279296875,6979800
2012-09-06,8.408294218649555,8.754227240934831,8.408294218649555,8.683629035949707,17891700
2012-09-07,8.676568063248213,8.87424395815111,8.655388671400228,8.860124588012695,12994400
2012-09-10,8.860123444442753,8.966021063295276,8.824824013731696,8.881302833557129,13382700
2012-09-11,8.881306990721086,9.0789829526383,8.84600754348706,9.0154447555542,12140200
2012-09-12,9.022500360595076,9.086039204581349,8.923662757310366,8.966021537780762,8826000
2012-09-13,8.973082806679846,9.107219861195727,8.874244516370775,9.078980445861816,9882100
2012-09-14,9.128398068025271,9.276655136645656,9.093098637728868,9.262535095214844,14289400
2012-09-17,9.262532183644538,9.283711565852633,9.06485637871468,9.093095779418945,11933000
2012-09-18,9.09309999739775,9.142518803233807,8.980142342183488,8.987201690673828,10748300
2012-09-19,9.290771584348803,9.354310404253507,9.086035760922774,9.093095779418945,27779900
2012-09-20,9.14251576804466,9.269593424613044,9.114276363616186,9.248414039611816,14683400
2012-09-21,9.311957441990128,9.439035170167994,9.297838068459749,9.333137512207031,16536100
2012-09-24,9.24135526381367,9.446091141791976,9.198995814830305,9.354312896728516,12566100
2012-09-25,9.375493583169566,9.396673647235179,9.121338873908467,9.128398895263672,14167500
2012-09-26,9.114279883349397,9.170758714017218,8.951903413499606,9.078980445861816,12394000
2012-09-27,9.142521517156464,9.460215185072919,9.100162720517435,9.389616966247559,18517800
2012-09-28,9.326072786554377,9.361372212503534,9.191935775884238,9.283713340759277,12530200
2012-10-01,9.340196386539553,9.410795270437795,9.220179361161913,9.241358757019043,11512700
2012-10-02,9.262535566386001,9.354313820513017,9.241356176443048,9.347253799438477,10347900
2012-10-03,9.3543152907135,9.566111243272601,9.297836459801841,9.446093559265137,19302600
2012-10-04,9.481392773573091,9.53081158113655,9.417853921973927,9.460212707519531,16050000
2012-10-05,9.50257465499288,9.608472319871387,9.361377544061227,9.389616966247559,11522600
2012-10-08,9.347255569159278,9.417854446709864,9.304896781253563,9.38255500793457,10628200
2012-10-09,9.319013271708387,9.410791514837465,9.163696193083748,9.206055641174316,14052600
2012-10-10,9.2272333903546,9.24841344727982,9.114275779875289,9.142515182495117,15865700
2012-10-11,9.255478497714074,9.290777941066265,9.135460794285152,9.191940307617188,13726400
2012-10-12,9.177819195098849,9.220178656858243,9.022502066355473,9.16369915008545,14550300
2012-10-15,9.177820816260642,9.248419707236556,9.149581394526463,9.234299659729004,8027900
2012-10-16,9.333135309044115,9.615529445799162,9.311955243826938,9.57317066192627,17817700
2012-10-17,9.566110424643472,9.855564576615592,9.523750968444295,9.763786315917969,19216500
2012-10-18,9.707307786383058,9.777906657778138,9.650828958579288,9.700247764587402,14220600
2012-10-19,9.672009405190353,9.721428889867234,9.523752297721327,9.54493236541748,10704500
2012-10-22,9.446094069344527,9.580231131682783,9.40373460723303,9.54493236541748,14609300
2012-10-23,9.453152435433749,9.48845119551365,9.283715289959046,9.46727180480957,12071600
2012-10-24,8.966024631991871,9.036623521514063,8.443595004026568,8.57773208618164,45331900
2012-10-25,8.683626943048209,8.690686963829377,8.500070442421674,8.535369873046875,23049600
2012-10-26,8.507134264191949,8.584792507640598,8.337697729423477,8.344757080078125,17641500
2012-10-31,8.500071689377364,8.528311103364103,8.260036333849712,8.29533576965332,14112900
2012-11-01,8.330634217612152,8.478891291782425,8.224735922758722,8.288274765014648,22118500
2012-11-02,8.387113201811937,8.387113201811937,8.224736082528025,8.260035514831543,13538700
2012-11-05,8.245918578033784,8.408295071930397,8.217679158517814,8.365936279296875,8402200
2012-11-06,8.394173371460308,8.450652194833038,8.344753896048658,8.401232719421387,12010200
2012-11-07,8.35181266720812,8.380052074667669,8.118837387346705,8.125897407531738,15489300
2012-11-08,8.161198994628629,8.189438409560323,8.034121290795627,8.048240661621094,17099900
2012-11-09,8.097663428293265,8.097663428293265,7.977645697816861,8.005885124206543,11424700
2012-11-12,8.0199986338573,8.04823803958889,7.921161050437009,7.956460475921631,9372500
2012-11-13,7.942344501093308,7.991763318094671,7.857626240542018,7.878805637359619,10156600
2012-11-14,7.928625861875426,7.9642116097941775,7.764928570679707,7.786280155181885,14158500
2012-11-15,7.793395674060154,7.843216930744404,7.707988678142898,7.743575096130371,17840000
2012-11-16,7.7506919452324174,7.793395100671987,7.622581121404875,7.757808685302734,17996000
2012-11-19,7.843218081577856,7.871687084394191,7.793396817583344,7.864569664001465,8436900
2012-11-20,7.921506344736292,8.063851335010302,7.907271506331664,7.957092761993408,13041100
2012-11-21,7.9570948886748285,7.985563894338501,7.836101444915561,7.914391040802002,13965600
2012-11-23,7.992682229129224,8.042503508032887,7.9428616289803315,8.035386085510254,3553700
2012-11-26,8.014032378438548,8.085204548588436,7.893038942553691,8.07808780670166,10625900
2012-11-27,8.60476311817669,8.775577109311865,8.540707701812382,8.633232116699219,42190800
2012-11-28,8.66882141255809,8.739993593116086,8.583414388635683,8.697290420532227,20754100
2012-11-29,8.711523072333463,8.832516504900976,8.683054069303141,8.775578498840332,12865300
2012-11-30,8.782694128696024,8.825397285158024,8.690169718022446,8.7044038772583,13340800
2012-12-03,8.761345269899744,8.789814275962385,8.611882818382213,8.647468566894531,12425900
2012-12-04,8.697290420532227,8.811166452428772,8.611883396609818,8.697290420532227,19057200
2012-12-05,8.67593658351552,8.875220281981477,8.67593658351552,8.811164855957031,12400600
2012-12-06,8.77557803053814,9.046033884270813,8.711522607449542,8.882336616516113,10528000
2012-12-07,8.910806084017743,8.939275084849083,8.804046821834334,8.925040245056152,9532100
2012-12-10,8.896571265256997,9.038916269750203,8.868102264358354,8.989095687866211,10185600
2012-12-11,9.017565413156648,9.038916995857196,8.925040983114835,8.967744827270508,9951100
2012-12-12,8.989094342533456,9.145674163419075,8.960625345895563,9.060266494750977,12867000
2012-12-13,9.081623379496454,9.181264579131284,9.031802100924274,9.067388534545898,11309000
2012-12-14,9.088738645653244,9.095855387685297,8.910807198514421,8.981979370117188,11541200
2012-12-17,8.960629914384418,9.060271114040916,8.925043480755054,9.00333309173584,11315900
2012-12-18,8.974862514643592,9.266670676485683,8.967745772163264,9.245318412780762,13479400
2012-12-19,9.21684571762555,9.316487538770383,9.088735580444336,9.088735580444336,12591500
2012-12-20,9.102972030639648,9.159910034558454,9.067385608501757,9.102972030639648,18189100
2012-12-21,8.967744827270508,9.067385999042786,8.917923562629792,8.967744827270508,26681400
2012-12-24,8.981981501106858,9.074505957021175,8.925043478814166,9.067388534545898,5056800
2012-12-26,9.06026776499793,9.11720644501092,8.925040181697675,8.960626602172852,7716400
2012-12-27,8.981979288557346,8.989096709279375,8.832516847167728,8.953510284423828,10300600
2012-12-28,8.882337040418603,9.003330472303707,8.860985457954929,8.87522029876709,10766500
2012-12-31,8.853868510975762,8.996214211690504,8.796930502191708,8.981979370117188,12704900
2013-01-02,9.20261227708831,9.252432852167797,9.07450145116457,9.152791023254395,14040800
2013-01-03,9.152790309657755,9.252432130802589,9.081618162058053,9.088735580444336,10657300
2013-01-04,9.117205166781181,9.216846315636596,9.003328501475192,9.060266494750977,22629000
2013-01-07,9.046033689663494,9.095854271547486,8.98197826795292,8.989095687866211,18641400
2013-01-08,8.967744299803934,9.003330042626901,8.846750873693146,8.882336616516113,20353900
2013-01-09,8.903688706857244,8.989095709761196,8.732874701049338,8.825398445129395,24453800
2013-01-10,8.882337220422523,9.031799658206294,8.875220478626787,8.996213912963867,18278900
2013-01-11,8.839635124115079,8.882338295074375,8.63323465446605,8.860986709594727,24429300
2013-01-14,8.839635053384846,8.932159494729204,8.79693120401258,8.896573066711426,9905900
2013-01-15,8.832516927370392,8.989096790903846,8.804047922978366,8.981979370117188,10382400
2013-01-16,8.98197690056951,9.003328478304375,8.846749336576146,8.910804748535156,9443200
2013-01-17,8.860986238724408,8.889455244102658,8.73999279617819,8.754227638244629,16463500
2013-01-18,8.818281682303292,8.818281682303292,8.533590994567879,8.611881256103516,19468000
2013-01-22,8.604764106753496,8.761343955993652,8.533591262893095,8.761343955993652,14416200
2013-01-23,8.761342550465024,8.782694128696024,8.675934880032157,8.7044038772583,11890100
2013-01-24,8.70440355088403,8.725755807068854,8.590527566249264,8.654582977294922,15952400
2013-01-25,8.66170247050909,8.74710947944022,8.597647044122098,8.711523056030273,16231300
2013-01-28,8.590530554769249,8.654585988098853,8.448185524456038,8.647468566894531,32201000
2013-01-29,8.71863871524859,8.839632123148313,8.654583301801157,8.7044038772583,24356600
2013-01-30,8.718638022740683,8.718638022740683,8.469533807732054,8.540706634521484,22021600
2013-01-31,8.540706634521484,8.597644624451277,8.490886063021511,8.540706634521484,25377800
2013-02-01,8.576297837483901,8.597649425943107,8.455304371623802,8.476655960083008,17829800
2013-02-04,8.476652843166896,8.49088768274197,8.362776841584342,8.39124584197998,21386200
2013-02-05,8.419716919722925,8.562061956821074,8.37701374797082,8.51224136352539,29739600
2013-02-06,8.498005674888129,8.66882038116455,8.455302507384982,8.66882038116455,13759500
2013-02-07,8.65458615464929,8.7755796024326,8.640351990721367,8.768462181091309,16207200
2013-02-08,8.789816283802764,8.882340065575391,8.619001529653392,8.739995002746582,18009700
2013-02-11,8.76846147157641,8.882337488803957,8.732875725258753,8.85386848449707,10352600
2013-02-12,8.868101529357968,9.03179810126913,8.860984110034579,8.946391105651855,13459500
2013-02-13,8.974862270209963,9.124324718300509,8.960628106882336,9.095855712890625,17235400
2013-02-14,9.081618899516023,9.245315463166987,9.031797645520765,9.216846466064453,16363800
2013-02-15,9.231082878834236,9.238199620258177,9.06026818832327,9.102972030639648,14371100
2013-02-19,9.131441430385768,9.216848439984505,9.131441430385768,9.181262016296387,13870200
2013-02-20,9.195496114069993,9.209730275142052,8.95350926705428,8.989095687866211,11496700
2013-02-21,8.96062643095666,8.989095431041925,8.839633010905665,8.903688430786133,13286000
2013-02-22,8.953510514733136,9.003331103559667,8.932158930772426,8.974862098693848,6882900
2013-02-25,9.024683457568944,9.074504046899463,8.789813995361328,8.789813995361328,12157500
2013-02-26,8.839998293248442,8.918862590353196,8.746794660086179,8.811320304870605,14351000
2013-02-27,8.811320085134087,9.040743986435409,8.782642097471422,9.026405334472656,9535000
2013-02-28,9.033576749668978,9.141119053271371,9.012067741958665,9.040745735168457,12497000
2013-03-01,8.940371521133436,8.990557829448855,8.825659568562664,8.976219177246094,8934900
2013-03-04,8.954711168011203,8.961880836777564,8.811321211370212,8.875846862792969,13078800
2013-03-05,8.93320185316347,9.03357515353148,8.868676208908118,8.976219177246094,12336000
2013-03-06,9.004897117614746,9.062253093595839,8.926032137837868,9.004897117614746,9815700
2013-03-07,9.076590538024902,9.090929871980821,8.983386918522664,9.076590538024902,7641700
2013-03-08,9.133946519131136,9.155455520095053,9.040742899498728,9.112438201904297,11898500
2013-03-11,9.112440209582076,9.155457537250529,9.019236569414787,9.055084228515625,9170100
2013-03-12,9.055082277182407,9.176963881617935,9.04074294313725,9.083760261535645,9532400
2013-03-13,9.11960993344056,9.133948586925491,9.040744946193122,9.062253952026367,8078900
2013-03-14,9.076593403279238,9.19130537618999,9.040745740810307,9.184136390686035,9722200
2013-03-15,9.133947299077752,9.262998580932617,9.069421658150318,9.262998580932617,18543600
2013-03-18,9.14828962272316,9.270171276792562,9.076594290775034,9.212815284729004,17277600
2013-03-19,9.234322545873146,9.291678531322143,9.126779560353317,9.198474884033203,14675000
2013-03-20,9.24149196495303,9.499593892490372,9.227152627110101,9.449407577514648,19257500
2013-03-21,9.427899579247176,9.442238918623975,9.263001278838003,9.313187599182129,12560200
2013-03-22,9.341863742688817,9.406389389621088,9.270169111226338,9.356203079223633,9370700
2013-03-25,9.399219770693813,9.427897760176785,9.28450781276192,9.32752513885498,11341800
2013-03-26,9.377713095335375,9.463747078883541,9.31318743673992,9.399221420288086,15026600
2013-03-27,9.341864432631098,9.449407413373189,9.32035610997758,9.427898406982422,12858300
2013-03-28,9.449407319541557,9.571288952929972,9.413559659650158,9.556949615478516,11637500
2013-04-01,9.571288952929972,9.60713592908413,9.442237650815828,9.556949615478516,13566600
2013-04-02,9.5426109617643,9.60713592908413,9.499593633147173,9.556949615478516,10571900
2013-04-03,9.535438495215136,9.63581109297572,9.521099161971028,9.564116477966309,14961600
2013-04-04,9.564116477966309,9.671658742348948,9.549777144722201,9.564116477966309,10232100
2013-04-05,9.406391089062828,9.578459056144736,9.306017766396387,9.542612075805664,15348600
2013-04-08,9.556947820393273,9.599965140930442,9.492422181456076,9.571287155151367,11858300
2013-04-09,9.571287155151367,9.635812110351448,9.52110016723515,9.571287155151367,14205600
2013-04-10,9.599968693758626,9.65732468654351,9.571290697366184,9.607137680053711,13222300
2013-04-11,9.614305546860866,9.642983537874565,9.51393292018154,9.585627555847168,12965300
2013-04-12,9.571289058908933,9.585627712781912,9.470915746849068,9.535441398620605,14510200
2013-04-15,9.49959196467294,9.506761632139414,9.384880020157848,9.413558006286621,18762300
2013-04-16,9.463746231620314,9.463746231620314,9.392051593617461,9.449407577514648,9788500
2013-04-17,9.384880148427946,9.449405789033886,9.241490215824264,9.29167652130127,18552000
2013-04-18,9.291678433483733,9.399220734133898,9.155458140411042,9.363373756408691,22186400
2013-04-19,9.37053998347816,9.392048984266802,9.205641746520996,9.205641746520996,14759400
2013-04-22,9.219986979676825,9.219986979676825,9.062258297031562,9.191308975219727,10633900
2013-04-23,9.219981087114562,9.413558006286621,9.14828646366119,9.413558006286621,11486100
2013-04-24,9.67883086830908,10.001458427171938,9.614305219789065,9.929763793945312,34441800
2013-04-25,9.979950444867729,10.331256005712078,9.951272453854665,10.202204704284668,24396500
2013-04-26,10.209374372972244,10.245222032672885,10.044476095581434,10.202204704284668,9646200
2013-04-29,10.288241167923658,10.431631148171709,10.252393501927306,10.331257820129395,16582800
2013-04-30,10.31691342797641,10.395777702331543,10.209370489779067,10.395777702331543,11656800
2013-05-01,10.359935928473469,10.395783594858385,10.223715616695626,10.27390193939209,8027600
2013-05-02,10.25239355733703,10.345597215936328,10.216545891146936,10.302579879760742,7558400
2013-05-03,10.395783919332107,10.747089556647047,10.381444578835636,10.661055564880371,17347800
2013-05-06,10.639547290992375,10.754259280587325,10.618038963877671,10.668225288391113,10698200
2013-05-07,10.704072902632404,10.71841155939149,10.596529900121018,10.661055564880371,7030000
2013-05-08,10.646716961276407,10.682563945221787,10.560682285342805,10.668225288391113,14549300
2013-05-09,10.632372805351865,10.933491983531704,10.632372805351865,10.797271728515625,14643400
2013-05-10,10.775763632820356,10.919153566921453,10.768594648918153,10.825950622558594,9141300
2013-05-13,11.012359778680143,11.11273309796851,10.868969810937685,10.926325798034668,12370700
2013-05-14,10.947831680130035,11.134238243103027,10.919153011032694,11.134238243103027,13370000
2013-05-15,11.134242054719262,11.263293374887382,11.041038399457547,11.241785049438477,11219300
2013-05-16,11.234612592251057,11.306307904275295,10.976510699690712,11.076883316040039,14200100
2013-05-17,11.055375185518987,11.571578979492188,11.033866865037732,11.571578979492188,24325200
2013-05-20,11.514224745297676,11.77949703424866,11.507055076139588,11.693462371826172,19383500
2013-05-21,11.686292172935204,11.700631510601387,11.478377246673588,11.607428550720215,14823500
2013-05-22,11.614596568441602,11.71496918288706,11.220273043525006,11.327816009521484,14333500
2013-05-23,11.012354664568972,11.320643464849645,10.919151057885582,11.29196548461914,13760000
2013-05-24,11.184430851972145,11.28480350931523,11.119905181544478,11.227447509765625,10226400
2013-05-28,11.277633824916014,11.449702507095978,11.263295166914528,11.299142837524414,10188700
2013-05-29,11.198123743941974,11.327998418715866,11.162047177797957,11.24863052368164,11165400
2013-05-30,11.205338506688165,11.349644083160971,11.198123743941974,11.24863052368164,9875300
2013-05-31,11.212555173745512,11.33521509907794,11.089895248413086,11.089895248413086,10282600
2013-06-03,11.125971295510686,11.327999114990234,11.097110178442179,11.327999114990234,12679400
2013-06-04,11.29913816398445,11.392936967861479,11.133186910427387,11.234200477600098,11294500
2013-06-05,11.18369167269897,11.18369167269897,10.794066312916167,10.815711975097656,18431300
2013-06-06,10.837363196563196,10.89508544706098,10.693056882215235,10.830147743225098,18587600
2013-06-07,10.89508010950036,11.11875354857453,10.89508010950036,11.097107887268066,15014100
2013-06-10,11.125970229103844,11.147615892804694,10.945588092689196,10.981664657592773,10070500
2013-06-11,10.887865099840218,10.988878648755971,10.801281763011062,10.815711975097656,8978300
2013-06-12,10.887867335529466,10.916728453732127,10.642547486755186,10.664193153381348,9574900
2013-06-13,10.606470564670404,10.952804659701796,10.476595881124032,10.887866973876953,11531800
2013-06-14,10.909515779421957,10.931161451558518,10.7435644795358,10.765210151672363,7531900
2013-06-17,10.830144572015211,10.974450156005084,10.808498218339254,10.902297019958496,7969800
2013-06-18,10.895083063780097,10.98166642058681,10.887867612020367,10.960020065307617,10244600
2013-06-19,10.96723516506393,11.00331173460132,10.736346220989951,10.772422790527344,13436800
2013-06-20,10.599256406426425,10.743562698354914,10.27456862579412,10.32507610321045,18666600
2013-06-21,10.411658528053845,10.418873291517945,10.187984346186726,10.2889986038208,15296400
2013-06-24,10.166339093084861,10.238491547383868,10.000387140800756,10.072540283203125,11963100
2013-06-25,10.159125141718357,10.274569636130515,10.0436806473062,10.252923965454102,9722900
2013-06-26,10.296214812908993,10.346721601390286,10.159123975454932,10.339506149291992,10054000
2013-06-27,10.404445888581964,10.454952686998224,10.303431603645922,10.317862510681152,7697400
2013-06-28,10.28900132563852,10.361153796089829,10.187987041282465,10.267354965209961,13666000
2013-07-01,10.36115159551747,10.498242430034647,10.310644808118179,10.4260892868042,6829400
2013-07-02,10.426091320142572,10.498244477444619,10.317862272293006,10.40444564819336,7479400
2013-07-03,10.325072137216061,10.325072137216061,10.17355113937505,10.303425788879395,6005200
2013-07-05,10.397225397222742,10.519885295174833,10.361148835218623,10.476593971252441,5753000
2013-07-08,10.548748207122527,10.570393872777188,10.433303739493255,10.498241424560547,6535400
2013-07-09,10.555964347357323,10.743561963550937,10.555964347357323,10.656978607177734,11624400
2013-07-10,10.671407748465507,10.736345431235396,10.577608949809363,10.67862319946289,6343200
2013-07-11,10.822933115408606,10.880655370309167,10.714704059495944,10.851794242858887,8341400
2013-07-12,10.837361118107104,10.880652453626011,10.721915951148821,10.844575881958008,8459200
2013-07-15,10.859005856632946,10.945589208364966,10.794068170808103,10.887866973876953,5687600
2013-07-16,10.87343722004354,10.923944696634436,10.729131618576803,10.837361335754395,6828300
2013-07-17,10.794069418979523,10.822930539560883,10.491027308823547,10.693055152893066,13593300
2013-07-18,10.512672158374498,10.74356179314418,10.483811040041203,10.671408653259277,10030300
2013-07-19,10.700269202372676,10.902297019958496,10.649762420002046,10.902297019958496,16080400
2013-07-22,10.9311564242032,10.945587324392989,10.772420650734675,10.815711975097656,9305000
2013-07-23,10.808499527357661,10.89508357634109,10.765208190969334,10.837361335754395,6417700
2013-07-24,10.902297165627106,11.061033654188536,10.859005833903367,10.923943519592285,11649200
2013-07-25,10.923944085536146,11.061034227234716,10.85900639648296,11.024957656860352,9274700
2013-07-26,10.981667395477773,11.003313064575195,10.859007457086694,11.003313064575195,9571300
2013-07-29,11.017742892141333,11.147617582131078,10.988881085362117,11.104326248168945,16823600
2013-07-30,10.98166642058681,11.140402230680776,10.606471186321032,10.960020065307617,27862900
2013-07-31,10.99609663600292,11.111541111745204,10.902297827436476,10.960020065307617,14507600
2013-08-01,11.053819480051951,11.190910318591321,11.053819480051951,11.147618293762207,12931700
2013-08-02,11.140402868635176,11.154833772981023,11.06825041121612,11.111541748046875,12102700
2013-08-05,11.089891547325402,11.183690322928792,11.046600228187291,11.068245887756348,7387900
2013-08-06,11.04660336414234,11.053818127311443,10.794068074434533,10.873435974121094,14718000
2013-08-07,10.808499310290005,10.880652453626011,10.772423426725373,10.844575881958008,8584200
2013-08-08,10.851792230317123,10.967236718708248,10.779639081020957,10.916729927062988,7463900
2013-08-09,10.923943542457788,10.960019422935313,10.844574953959286,10.887866973876953,5785700
2013-08-12,10.859005688813186,10.960019253554446,10.844574786362548,10.902297019958496,5376900
2013-08-13,10.909512426831892,10.996095776873817,10.873435858955267,10.97445011138916,6503700
2013-08-14,10.988880419358983,11.017742224388973,10.887866854167239,10.909512519836426,6587300
2013-08-15,10.794066446239736,10.844573221321449,10.736344220974004,10.757989883422852,8887000
2013-08-16,10.729131403103096,10.880652453626011,10.707485735343642,10.844575881958008,12241100
2013-08-19,10.822926978027072,10.84457263931424,10.599252851049119,10.620899200439453,9514000
2013-08-20,10.628117222095735,10.642548126115681,10.397228262603594,10.440520286560059,14360800
2013-08-21,10.418872836987944,10.613685892189817,10.37558150567862,10.498241424560547,10934900
2013-08-22,10.534316849846642,10.67140696825759,10.462163721354628,10.548747062683105,7168900
2013-08-23,10.613686584939458,10.678624274245196,10.541533443910115,10.656978607177734,6853400
2013-08-26,10.649765922042855,10.765210427197216,10.642550468444824,10.642550468444824,9923500
2013-08-27,10.548749722182563,10.555965174471536,10.24570760707977,10.260138511657715,12149200
2013-08-28,10.281936582839712,10.390932795728476,10.245605204853407,10.296469688415527,7542200
2013-08-29,10.267400812926493,10.369130439763012,10.23106875384371,10.303732872009277,7773700
2013-08-30,10.30373696090773,10.32553592781747,10.12934314669982,10.202007293701172,8465000
2013-09-03,10.216537723129681,10.29646770950482,10.056677057402924,10.114808082580566,12256900
2013-09-04,10.107540168748075,10.405461805869407,10.093007760900795,10.303732872009277,13516600
2013-09-05,10.340068714712574,10.536261502912865,10.325536300573676,10.499929428100586,9632400
2013-09-06,10.521727380895927,10.536260486609683,10.34006771733369,10.46359634399414,11556200
2013-09-09,10.47086324988895,10.652522919576063,10.47086324988895,10.63072395324707,8429400
2013-09-10,10.703385605962982,10.79784870147705,10.674320091418386,10.79784870147705,9345500
2013-09-11,10.805115638397332,10.848714258256127,10.746984607236643,10.819648742675781,7728500
2013-09-12,10.812384881074998,10.819651435022422,10.456332053371957,10.528995513916016,16781200
2013-09-13,10.579859910243616,10.637990951538086,10.478130241489957,10.637990951538086,7336600
2013-09-16,10.739720727554214,10.754253835449061,10.521728959968591,10.528995513916016,12064300
2013-09-17,10.528993968295474,10.645256042480469,10.449063965537446,10.645256042480469,11418900
2013-09-18,10.703387167329947,10.964977529367586,10.681588201485686,10.91411304473877,18397600
2013-09-19,10.964974447288535,10.97950685610767,10.776048281804727,10.805113792419434,10313700
2013-09-20,10.805117643938525,10.870515239376907,10.6597900390625,10.6597900390625,13602500
2013-09-23,10.71065253818249,10.84871425690434,10.608923580152236,10.768783569335938,15072200
2013-09-24,10.746986059595585,10.848715724362922,10.72518709320853,10.812383651733398,11720400
2013-09-25,10.80511861349983,10.89958173838975,10.725188596889932,10.841450691223145,9578800
2013-09-26,10.855981826782227,10.899580453505983,10.783318372878185,10.855981826782227,10756100
2013-09-27,10.819650993596577,10.834183407921795,10.630724756531833,10.703388214111328,9650400
2013-09-30,10.594390361697318,10.68158690748775,10.514460367966892,10.601656913757324,10503800
2013-10-01,10.608928118205336,10.710657119750977,10.558062924455665,10.710657119750977,8261400
2013-10-02,10.608923912292644,10.645255288168583,10.514460810466739,10.558058738708496,12603600
2013-10-03,10.536260631050954,10.587125115793162,10.354600964998353,10.3909330368042,12940000
2013-10-04,10.369134278369218,10.645256366474184,10.369134278369218,10.63072395324707,13314100
2013-10-07,10.48539428223177,10.608922888624948,10.44179566522032,10.52172565460205,11501400
2013-10-08,10.514461571041076,10.528993983847354,10.172941207885742,10.172941207885742,16326300
2013-10-09,10.187476668096217,10.245607718709241,10.042148348586865,10.18021011352539,15462200
2013-10-10,10.340070090877067,10.51446393459082,10.274673179083289,10.507197380065918,13483400
2013-10-11,10.369134928943748,10.499929428100586,10.29647077931919,10.499929428100586,15281200
2013-10-14,10.39093144360034,10.536259015564546,10.318267311129976,10.470861434936523,11265500
2013-10-15,10.405464370667026,10.536259538413626,10.303735411732168,10.369132995605469,12971300
2013-10-16,10.427263005072131,10.514459544029641,10.398197492086295,10.478127479553223,13434500
2013-10-17,10.43452930227837,10.819648231752627,10.43452930227837,10.776049613952637,14745400
2013-10-18,10.855979477194825,10.928643608348647,10.776049487306834,10.899578094482422,15029800
2013-10-21,10.914111831754196,10.99404182628422,10.8923121753561,10.96497631072998,8176700
2013-10-22,11.030376273854102,11.248367341055774,11.023109720153592,11.153904914855957,23647000
2013-10-23,13.108561494544826,13.130359766341803,12.156663895418708,12.730709075927734,87157100
2013-10-24,12.708906680107203,12.730706333160745,12.229325400552431,12.701640129089355,36881100
2013-10-25,12.694376455470774,12.730709218795457,12.454585761340695,12.60718059539795,15555200
2013-10-28,12.563580438518862,12.643509731759613,12.454583553817265,12.570845603942871,10179500
2013-10-29,12.599919126444775,12.752512636115997,12.5127218452371,12.723447799682617,14495900
2013-10-30,12.832441980897249,12.861508200156736,12.29472939817927,12.352860450744629,15904200
2013-10-31,12.251126410878934,12.549048105852236,12.207527099941588,12.418252944946289,17040200
2013-11-01,12.41825135212823,12.599910966540927,12.367386881845134,12.44731616973877,10208200
2013-11-04,12.505450568557192,12.599914369699487,12.461852637389418,12.541783332824707,10089600
2013-11-05,12.083997727550676,12.222059431558591,11.953203960859604,11.989535331726074,24344800
2013-11-06,12.0113376495094,12.054935581408243,11.851476255958199,12.025869369506836,12358700
2013-11-07,12.040401926523208,12.127599172298748,11.786078127793854,11.851475715637207,13157900
2013-11-08,11.873275351753799,12.069468114923383,11.800611211399893,12.04766845703125,13788500
2013-11-11,12.04040330204816,12.098534343888485,11.960472599785206,12.054936408996582,7464800
2013-11-12,12.040402769786505,12.236595547057151,12.018604496280854,12.156664848327637,11422500
2013-11-13,12.112806806551912,12.405209835591501,12.090877450803708,12.317489624023438,12204400
2013-11-14,12.332109792774572,12.419830001986243,12.16397683559163,12.273629188537598,13278600
2013-11-15,12.317488944373936,12.434450149536133,12.295558195548194,12.434450149536133,14419000
2013-11-18,12.405207913396572,12.485619256780529,12.207836770807399,12.266317367553711,10750800
2013-11-19,12.259008683634438,12.441760746082343,12.251698433822012,12.324799537658691,9312500
2013-11-20,12.339415493189225,12.485617663542454,12.251695306407072,12.310175895690918,7963200
2013-11-21,12.361346548972096,12.587958663879744,12.361346548972096,12.529478073120117,9605600
2013-11-22,12.514860156489707,12.61720085144043,12.38327846624598,12.61720085144043,10400800
2013-11-25,12.631819807684131,12.661059405121765,12.427137048471781,12.485617637634277,8274200
2013-11-26,12.485617637634277,12.6171993118217,12.41251655260935,12.485617637634277,12868800
2013-11-27,12.485619826421676,12.5660311734743,12.47830957720894,12.551410675048828,5739100
2013-11-29,12.544098226796773,12.573339218521635,12.41251655260935,12.485617637634277,4489900
2013-12-02,12.485620216594763,12.609891668519792,12.434449864794018,12.470999717712402,10190500
2013-12-03,12.412518162275786,12.412518162275786,12.156665028652895,12.266317367553711,15031300
2013-12-04,12.222455874278422,12.37596831216712,12.156665028652895,12.266317367553711,11230900
2013-12-05,12.229764022930036,12.324795847752528,12.156662940979004,12.156662940979004,19715000
2013-12-06,12.310173005834596,12.544095308055896,12.310173005834596,12.507545471191406,10788800
2013-12-09,12.49292754197238,12.522167138605838,12.40520596349763,12.441757202148438,7602800
2013-12-10,12.449069311367843,12.697612194208796,12.441759062544591,12.61720085144043,8807500
2013-12-11,12.580645149511069,12.602575888209907,12.346722847204411,12.38327407836914,12758600
2013-12-12,12.27362884101,12.47100000329149,12.259008341792839,12.434450149536133,10629900
2013-12-13,12.52216659907604,12.536787093906426,12.324795496014362,12.339414596557617,9572500
2013-12-16,12.412515651861916,12.50754747378425,12.383276056546132,12.463685989379883,7724900
2013-12-17,12.53678799458104,12.602578831757222,12.522167498700282,12.587958335876465,10024200
2013-12-18,12.536786303335424,12.734158788237904,12.46368522808039,12.697608947753906,11490900
2013-12-19,12.704918480223064,12.778019559389517,12.682989132474109,12.734159469604492,7637200
2013-12-20,12.719542449909431,12.902294500610106,12.690302846826821,12.741473197937012,15858800
2013-12-23,12.763400985030355,12.924223662250728,12.763400985030355,12.836502075195312,6694100
2013-12-24,12.851120341830708,12.953461013728482,12.851120341830708,12.894980430603027,2769400
2013-12-26,12.902289077448478,12.982700392129843,12.894978831178634,12.960769653320312,6314000
2013-12-27,12.975394532424819,13.048495625549478,12.96077403494241,12.990015029907227,4206000
2013-12-30,12.975391341688836,13.041182169893883,12.960770847801705,12.997322082519531,5497100
2013-12-31,13.011943148312794,13.077733986459284,12.982703550407269,13.02656364440918,5144200
2014-01-02,12.968084283683615,13.019254630584662,12.88036408736393,12.990015029907227,7571600
2014-01-03,12.990014752756474,13.128905293013881,12.990014752756474,13.07773494720459,7592100
2014-01-06,13.150831873475509,13.158142119745351,12.924219816258006,12.960769653320312,15343400
2014-01-07,12.982703833978361,13.15814560810529,12.96808333756263,13.041184425354004,9730100
2014-01-08,13.055798302430595,13.143518447875977,12.960766518197099,13.143518447875977,9015300
2014-01-09,13.165457107117719,13.275108052078698,13.12159700799081,13.158146858215332,8260800
2014-01-10,13.223933167989209,13.399374898604412,13.202002428804708,13.370135307312012,9821000
2014-01-13,13.35552064969082,13.399380752935832,13.136217344890678,13.172768592834473,10195400
2014-01-14,13.187384639998715,13.516337394714355,13.187384639998715,13.516337394714355,10475100
2014-01-15,13.494407930408412,13.582129509873111,13.399377497418259,13.457858085632324,9357500
2014-01-16,13.45786468536556,13.604066924741863,13.428625074063033,13.530965805053711,8110300
2014-01-17,13.560198986309906,13.750261249659221,13.545579884734748,13.72102165222168,11381000
2014-01-21,13.80142904800104,13.816049541169624,13.618677066254651,13.713708877563477,11635400
2014-01-22,13.713712650770743,13.976876023064458,13.6625423048886,13.889154434204102,11532600
2014-01-23,13.779508894888194,13.90378038114911,13.721028277488227,13.874539375305176,15890300
2014-01-24,13.72102249548643,13.72102249548643,13.282417352669752,13.311656951904297,18852800
2014-01-27,13.362830268349805,13.560201420777192,13.194697324321877,13.318968772888184,20667000
2014-01-28,12.405206587593218,12.894982055856726,12.098183138916283,12.500238418579102,41283500
2014-01-29,12.427137669891302,12.69030103142564,12.390587822694776,12.544098854064941,15088100
2014-01-30,12.639130370617337,12.792641398137098,12.609889378163711,12.704919815063477,9301100
2014-01-31,12.53679498016723,12.69761773589263,12.500245114386733,12.580655097961426,12660700
2014-02-03,12.639129138423096,12.675678981139608,12.35403506694322,12.463685989379883,19567900
2014-02-04,12.50023870852484,12.60988964396271,12.419827371869665,12.56602954864502,12050100
2014-02-05,12.551410617853579,12.902294212741152,12.522169621135882,12.829193115234375,14424100
2014-02-06,12.829195081820089,13.238560732894664,12.799955474907721,13.216629981994629,18072200
2014-02-07,13.202002447144256,13.457855494171113,13.099661786048289,13.421305656433105,17291100
2014-02-10,13.392069429186662,13.589441969389535,13.355519578462028,13.472480773925781,12889500
2014-02-11,13.435922348496543,13.859906804039003,13.435922348496543,13.742945671081543,15465700
2014-02-12,13.750256506179978,13.94762894937215,13.74294626077063,13.896458625793457,10749400
2014-02-13,13.757569270246753,13.962251996320422,13.706398937300087,13.954941749572754,9019600
2014-02-14,13.889155001664811,14.049976294477464,13.889155001664811,13.969566345214844,9997800
2014-02-18,13.925701095170727,14.028043157795304,13.874530761001955,13.9476318359375,13754500
2014-02-19,13.874534269786217,13.96225586075053,13.823363922676778,13.830674171447754,11399300
2014-02-20,13.852604585513243,13.969565774468816,13.830673839726316,13.889154434204102,8441800
2014-02-21,13.88915918829962,13.991499915093932,13.852609327098175,13.940329551696777,12835000
2014-02-24,13.918388808492288,14.210791641803747,13.911078563373666,14.11575984954834,12402200
2014-02-25,14.115765180038762,14.152316419434602,13.976874653196225,14.093835830688477,8851800
2014-02-26,14.086483319004163,14.218750991731502,14.057089879928613,14.159965515136719,8092200
2014-02-27,14.057092024835168,14.218753161305179,14.057092024835168,14.211404800415039,9252500
2014-02-28,14.19670591242484,14.240794669481847,13.99095744512126,14.159965515136719,11577600
2014-03-03,13.954222119962237,14.071793127695702,13.843999475406735,13.99096393585205,8396400
2014-03-04,14.248146058080376,14.328976631164549,14.108531397461586,14.32897663116455,20544800
2014-03-05,14.328972747228185,14.564114639856777,14.226098519592234,14.44654369354248,11178600
2014-03-06,14.497981596623692,14.52737503558055,14.328973527290701,14.358366966247559,13693000
2014-03-07,14.461247700216905,14.53472992908504,14.380417108306263,14.431854248046875,8484900
2014-03-10,14.387762119294987,14.431850885721312,14.152620162945764,14.248146057128906,11030200
2014-03-11,14.262846777991067,14.351025737118905,14.079141897901993,14.152624130249023,8339100
2014-03-12,14.086482872431612,14.240794218017287,14.0570894342879,14.182008743286133,8513600
2014-03-13,14.204057798786415,14.336325504353265,14.035049686809513,14.08648681640625,8771400
2014-03-14,13.9983094092913,14.049747946068528,13.814604554043084,13.866043090820312,13638200
2014-03-17,13.932174274102767,14.101183790645319,13.917478952211114,14.057093620300293,12153000
2014-03-18,14.057090082930907,14.262839954762093,14.057090082930907,14.18935775756836,8087400
2014-03-19,14.14527535791836,14.189364135429168,13.895436616095505,13.99096393585205,13186800
2014-03-20,13.98361304200883,14.453896987833696,13.98361304200883,14.27019214630127,12860900
2014-03-21,14.387767256594948,14.46859785853512,14.284892964348995,14.34367847442627,19273600
2014-03-24,14.409811973571777,14.47594584588281,14.204061992875555,14.409811973571777,10662600
2014-03-25,14.468591409907454,14.87274143636507,14.431849606511722,14.740473747253418,21216900
2014-03-26,14.946219118876668,15.203406058596105,14.91682568505453,15.01235294342041,19410100
2014-03-27,15.012355355240794,15.247497257370513,14.858042605995484,15.034399032592773,11889700
2014-03-28,15.063791300898721,15.2474960728609,14.968265436163108,15.144621849060059,9459000
2014-03-31,15.181368712857072,15.423859059129937,15.181368712857072,15.29893970489502,11764400
2014-04-01,15.35772348593559,15.504687910350075,15.350375124559203,15.409160614013672,9523700
2014-04-02,15.423857879181165,15.776570828311929,15.357724026024561,15.695741653442383,14586600
2014-04-03,15.739831508815241,15.989670215427925,15.717786422388203,15.864750862121582,15739300
2014-04-04,15.967623361883328,15.997016807199774,15.541428215691152,15.688392639160156,14030100
2014-04-07,15.629607606065548,15.695741458400342,15.475294816765475,15.504688262939453,10381500
2014-04-08,15.482644488904658,15.62226056693615,15.343028410873165,15.438555717468262,14924300
2014-04-09,15.423859178731961,15.607564030410366,15.423859178731961,15.548778533935547,10108900
2014-04-10,15.570823608495612,15.644305829420748,15.225457590614505,15.262199401855469,11011700
2014-04-11,14.938877954013362,15.166671569601254,14.902137545599965,14.975618362426758,17334300
2014-04-14,14.909489422503169,15.085845947265625,14.865399240144752,15.085845947265625,9443300
2014-04-15,15.137275285095885,15.166667323286164,14.880088293538273,15.100533485412598,10582100
2014-04-16,15.218112339271753,15.313639666469282,15.16667519457635,15.232809066772461,11221300
2014-04-17,15.210762144773588,15.467947813598348,15.181368696018312,15.460600852966309,11157700
2014-04-21,15.41651223370688,15.541431600394215,15.298941229949028,15.445905685424805,7441300
2014-04-22,15.460595560693209,15.688389104344104,15.445898841346363,15.600210189819336,7460500
2014-04-23,15.570822011957949,15.622259140864456,15.394465540754219,15.541428565979004,7700500
2014-04-24,15.651655727241176,15.681049181749808,15.453255515536119,15.570826530456543,7533700
2014-04-25,15.534082719628147,15.534082719628147,15.188718082796976,15.240155220031738,14559600
2014-04-28,15.651650933207938,15.651650933207938,14.953573421130688,15.409160614013672,17078000
2014-04-29,15.365080957504782,15.504697103323442,15.306295433195471,15.328340530395508,11222700
2014-04-30,14.821299668791108,15.416502681725287,14.821299668791108,15.365065574645996,11067700
2014-05-01,15.365077179422192,15.607567582767388,15.335685125273406,15.475299835205078,8491700
2014-05-02,15.416509327359654,15.570822116673595,15.394465644283844,15.423857688903809,8210600
2014-05-05,15.335682806528764,15.401815268753626,15.181369990519025,15.394468307495117,8313600
2014-05-06,15.379771370107726,15.387119732821956,15.137281006765637,15.18136978149414,12821100
2014-05-07,15.210757975372154,15.343024253845215,15.159319454150172,15.343024253845215,9051900
2014-05-08,15.276896019860892,15.526733326773947,15.254850933269983,15.29893970489502,11041400
2014-05-09,15.276897033454336,15.31363744532006,15.144629308246733,15.240155220031738,28638500
2014-05-12,15.343023189822102,15.739826202392578,15.291586073723625,15.739826202392578,11073600
2014-05-13,15.783920049637938,15.930884487225363,15.629608651572214,15.651652336120605,9807500
2014-05-14,15.659004090868335,15.710441234701387,15.51204102299633,15.570826530456543,6487400
2014-05-15,15.556127268668684,15.60021604169127,15.320985277139124,15.401814460754395,9632600
2014-05-16,15.38711994467971,15.504690946612419,15.291592629636325,15.394468307495117,10922200
2014-05-19,15.36507632179832,15.570826295584025,15.335684269290093,15.519389152526855,6665100
2014-05-20,15.534076429149593,15.563469867984884,15.357720000806765,15.48263931274414,7770500
2014-05-21,15.512036521556706,15.65899954678149,15.41650922368178,15.541428565979004,7332800
2014-05-22,15.570828926911814,15.732488746918666,15.54878383263745,15.592872619628906,6342300
2014-05-23,15.592867839291308,15.769224334748428,15.541430703310919,15.673698425292969,6848000
2014-05-27,15.739831321544466,15.872099035419447,15.659000740497143,15.754528045654297,9587400
2014-05-28,15.828356445481928,15.91694720199483,15.695468902587889,15.69546890258789,6588200
2014-05-29,15.776678278897968,15.872651833198258,15.702851709676759,15.79882526397705,5540600
2014-05-30,15.761915330015228,15.835741911632672,15.67332315044931,15.725001335144043,9799000
2014-06-02,15.71761994429473,15.850506101456222,15.688088748397783,15.725001335144043,6320900
2014-06-03,15.673315389008371,15.820968479125309,15.665932593690101,15.80620288848877,7899300
2014-06-04,15.769291877746582,15.828352838002681,15.71761371353804,15.769291877746582,4771000
2014-06-05,15.784063742393435,15.939099718585412,15.702855762602448,15.931716918945312,5805000
2014-06-06,15.939098216602174,16.042454585573914,15.850506037394313,15.924332618713379,7470700
2014-06-09,15.887420230192783,15.946481214359395,15.769298261859559,15.843123435974121,5408300
2014-06-10,15.835743339874128,15.931716918945312,15.76191675159819,15.931716918945312,7615800
2014-06-11,15.872646936531444,15.953856278434388,15.798820390085517,15.835734367370605,5712600
2014-06-12,15.828355089912899,15.850502073082072,15.459223683764623,15.503519058227539,10003800
2014-06-13,15.496138599090182,15.724999711156368,15.496138599090182,15.651174545288086,6026700
2014-06-16,15.651172005967924,15.754528347914318,15.5330500699936,15.584728240966797,5711500
2014-06-17,15.525663266634012,15.761907077620732,15.4370711334519,15.71022891998291,6873500
2014-06-18,15.673315683564716,15.865264141074425,15.562576567957953,15.835734367370605,5698500
2014-06-19,15.843120611668736,15.998156547546387,15.82097362663242,15.998156547546387,5623000
2014-06-20,16.071977711994315,16.234394982850482,16.042446531043623,16.131038665771484,12940900
2014-06-23,16.145803605013477,16.160567786769104,16.012916112343746,16.064594268798828,5976700
2014-06-24,16.10888943002823,16.389430001759447,16.07935965875997,16.09412384033203,10559100
2014-06-25,16.12365740857058,16.271310511160248,16.094126224802906,16.241779327392578,7956400
2014-06-26,16.271307743770663,16.286071925019094,15.976001588816368,16.05721092224121,7170600
2014-06-27,16.02768246944999,16.28607469491974,16.020301081632418,16.241779327392578,12245200
2014-06-30,16.212249705178934,16.286076263584697,16.131041758244624,16.20486831665039,7188100
2014-07-01,16.28607669146227,16.36728604865464,16.24916411535184,16.30084228515625,6746700
2014-07-02,16.278688880816368,16.42634195603032,16.175332573041054,16.22701072692871,7066200
2014-07-03,16.300837419206434,16.514934239485715,16.263924854114745,16.485403060913086,5100700
2014-07-07,16.367282160804503,16.49278686114217,16.345133775524616,16.44110870361328,4508200
2014-07-08,16.441115490947727,16.470645275387415,16.153191995943356,16.19748878479004,6551100
2014-07-09,16.227020546391064,16.396820699951473,16.2196377473504,16.25655174255371,5176500
2014-07-10,16.079363703771758,16.131041872584753,15.909562195797568,15.968623161315918,9318500
2014-07-11,15.968621696122339,16.02768265622158,15.916943532051048,16.01291847229004,5087300
2014-07-14,16.094127484177125,16.24916339484036,16.094127484177125,16.175336837768555,6419300
2014-07-15,16.219634460752687,16.308226623164188,16.167956286064584,16.212251663208008,7525600
2014-07-16,16.28607339756582,16.315604578981027,16.07936076015629,16.108890533447266,11156000
2014-07-17,16.071983781293827,16.153191743326552,15.850504064898395,15.865269660949707,5602700
2014-07-18,15.939092896205553,16.131041380313626,15.894797525449674,16.116275787353516,9736900
2014-07-21,16.11628022055033,16.219636583453017,16.07936763612075,16.182723999023438,3871800
2014-07-22,16.219637336007413,16.426351479528694,16.20487314642546,16.367290496826172,4525400
2014-07-23,16.330368945961347,16.411576872519333,16.278689382357378,16.374664306640625,4070300
2014-07-24,16.40419534056406,16.43372652203973,16.263926452927333,16.3082218170166,5157200
2014-07-25,16.278698731550758,16.33037832483539,16.2196377473504,16.25655174255371,3688200
2014-07-28,16.24177777008879,16.308221519070912,16.094124681656485,16.278690338134766,5937100
2014-07-29,15.533051918728233,15.577347297959477,14.639753087462395,14.765257835388184,30115500
2014-07-30,14.839083989268623,14.846466786953854,14.447804160699404,14.669283866882324,13122000
2014-07-31,14.492094189437648,14.67665983906847,14.477330007641541,14.50685977935791,13196700
2014-08-01,14.484716315721082,14.72834297599795,14.44041953521656,14.676663398742676,11729300
2014-08-04,14.706193404976714,14.83908091957166,14.588071482697735,14.802166938781738,8000900
2014-08-05,14.750489958125712,14.8316993142595,14.632368026362654,14.676663398742676,8540100
2014-08-06,14.580690674135429,14.765256378871321,14.543778096438082,14.610221862792969,6841800
2014-08-07,14.720962150578565,14.780023124369139,14.477335457676862,14.529013633728027,5317600
2014-08-08,14.529006472775162,14.720954895019531,14.484711116295381,14.720954895019531,5975900
2014-08-11,14.787398994886408,14.949816244694238,14.765250612043692,14.853842735290527,4825300
2014-08-12,14.839075751317633,14.927666458109702,14.772632017161634,14.905519485473633,4394800
2014-08-13,14.986730724552334,15.053174473453609,14.890757202875053,15.001496315002441,4511800
2014-08-14,14.979353210126865,15.060561162349074,14.92029083305679,14.957204818725586,5235700
2014-08-15,15.008886608848085,15.045799195291117,14.691433296188313,14.883381843566895,8644100
2014-08-18,14.979354933074692,15.075328490603441,14.979354933074692,15.038415908813477,5286600
2014-08-19,15.03102764503997,15.045791827512359,14.765252646797858,15.01626205444336,10518100
2014-08-20,14.964584563605934,15.326333100628625,14.861226832939245,15.282037734985352,11470700
2014-08-21,15.304190564745056,15.385399939575413,15.215599799589054,15.245129585266113,7693400
2014-08-22,15.230362767003262,15.274659554153814,15.082711034208888,15.163920402526855,5400100
2014-08-25,15.21559394068826,15.333715854162246,15.20082834947294,15.230358123779297,3913900
2014-08-26,15.282038484357425,15.53304791551832,15.282038484357425,15.311568260192871,6036900
2014-08-27,15.341238651396166,15.415422872610794,15.16319736944886,15.200288772583008,5699500
2014-08-28,15.133533576946423,15.348667825698652,15.096442148170603,15.25964641571045,4251400
2014-08-29,15.244804947099833,15.474776268005373,15.22996922877279,15.474776268005371,7644500
2014-09-02,15.489608878475803,15.563793115014228,15.393170361438486,15.556374549865723,6270200
2014-09-03,15.571213788583313,15.630560902860626,15.511866674305999,15.578632354736328,6446800
2014-09-04,15.578632656859776,15.890205366594845,15.54154124032218,15.667654037475586,10544000
2014-09-05,15.645397533320928,15.793766021728514,15.578631855032192,15.793766021728516,5868500
2014-09-08,15.764097302786842,15.78635300836003,15.563800197469972,15.660240173339844,6185500
2014-09-09,15.749254099723617,15.860529754835856,15.526702789499137,15.571212768554688,10344100
2014-09-10,15.578632487318673,15.734418133017384,15.526703938752437,15.593469619750977,5274100
2014-09-11,15.571213883084388,15.652816696315993,15.415428237766038,15.534122467041016,6854600
2014-09-12,15.489616422661296,15.511872128946406,15.28190215712285,15.378340721130371,5260400
2014-09-15,15.348662270777304,15.356080836837034,15.103855250593377,15.281896591186523,5700600
2014-09-16,15.229966869719634,15.408008196588542,15.215129738743887,15.311568260192871,4831000
2014-09-17,15.31898775339376,15.467356242243008,15.267059206780555,15.363497734069824,5496000
2014-09-18,15.400592738432449,15.43026559142426,15.341245617501855,15.393174171447754,4432000
2014-09-19,15.474774711990715,15.49702899471703,15.126109189846279,15.133527755737305,11742500
2014-09-22,15.081601936209067,15.096439070673682,14.933233421456947,15.007417678833008,5412600
2014-09-23,14.955486308041525,14.985160571385089,14.792282104492188,14.792282104492188,9465900
2014-09-24,14.784861843008722,14.985158852765831,14.777443278023652,14.977740287780762,5211700
2014-09-25,14.970315286502688,14.977733848298245,14.688415598055519,14.695834159851074,6129200
2014-09-26,14.755186437137963,14.770023565955809,14.629073672079242,14.740350723266602,4952200
2014-09-29,14.606824449852384,14.614243016829194,14.413945953296256,14.502965927124023,7487500
2014-09-30,14.562315086520035,14.584570790565964,14.265579440643513,14.347182273864746,8926200
2014-10-01,14.295248283759502,14.32492112960463,13.939165643938146,13.946582794189453,14990400
2014-10-02,13.90949456436261,14.013351670993492,13.590503262628381,13.872403144836426,12836900
2014-10-03,13.961424097512335,14.102374048508443,13.954005530097062,14.0430269241333,8011900
2014-10-06,14.065272806461156,14.443611028874638,14.028181406496508,14.221059799194336,13545900
2014-10-07,14.132047788624286,14.16172206014454,13.864986419677734,13.864986419677734,7716600
2014-10-08,13.924327660647482,14.087531840165672,13.64242786017923,14.065276145935059,9357100
2014-10-09,14.050437399734074,14.102365926787682,13.775956223234118,13.783374786376953,8325700
2014-10-10,13.74629077666481,13.798219331639178,13.47180945258273,13.479228019714355,7983900
2014-10-13,13.45696983193533,13.531154074597877,13.078631467808407,13.086050033569336,11009100
2014-10-14,12.952518704785597,13.226999978683196,12.811570199895911,13.0341215133667,11794600
2014-10-15,12.767060609174335,13.078633341025352,12.633530651192709,13.026704788208008,11712200
2014-10-16,12.767057892232385,13.160233360523437,12.700293634923062,12.982192039489746,10893900
2014-10-17,13.10830312344253,13.353110085070973,13.086047430586687,13.16765022277832,8524300
2014-10-20,13.130561892986995,13.427297459195564,13.130561892986995,13.412460327148438,5926200
2014-10-21,13.56082839953114,13.775961147792943,13.523735570557209,13.746288299560547,8099900
2014-10-22,13.798218460881916,13.909494130940054,13.649849957506458,13.657268524169922,7514500
2014-10-23,13.835311131491329,13.983679648295675,13.78338257509392,13.857566833496094,5304900
2014-10-24,13.87981712235462,13.968838489783275,13.724031498037764,13.946582794189453,5121300
2014-10-27,13.916913130647254,14.028188804167886,13.77596318954941,13.983678817749023,7394600
2014-10-28,13.508895579551703,14.61423759491335,13.46438560915112,14.540053367614746,18359600
2014-10-29,14.666170879670926,14.985162169908458,14.540058076901364,14.7551908493042,11459900
2014-10-30,14.762610560862699,14.992580484355633,14.725519139796651,14.888723373413086,7764700
2014-10-31,15.163200310965872,15.215128851405856,14.97774042942501,15.155781745910645,10747400
2014-11-03,15.1409434944388,15.378331898838297,15.133524929933001,15.244800567626953,10318000
2014-11-04,15.229969976123874,15.341245651245117,15.133530020057679,15.341245651245117,10985700
2014-11-05,15.4154270742083,15.445099921813924,15.252221460063861,15.400589942932129,6616000
2014-11-06,15.459939893367377,15.50444988042648,15.289317097185002,15.341245651245117,9340400
2014-11-07,15.34865905576161,15.400587592355688,15.170617752461986,15.244800567626953,13174800
2014-11-10,15.281897388862815,15.489611589590243,15.267060255968893,15.430264472961426,6707300
2014-11-11,15.430263585774014,15.474774981896529,15.341243623422566,15.437682151794434,5528900
2014-11-12,15.35568483742832,15.50476830041027,15.28114239504793,15.4376802444458,4135500
2014-11-13,15.400410906289906,15.445135806410676,15.064970600936777,15.169330596923828,8660300
2014-11-14,15.132058228651383,15.266234346950062,15.102242103351065,15.214055061340332,6631400
2014-11-17,15.206597773970918,15.206597773970918,15.102239222657445,15.17678165435791,4271600
2014-11-18,15.191690481829372,15.333320973666794,15.169328745387883,15.221508026123047,6255600
2014-11-19,15.176786962830029,15.296054326556153,15.042610823193359,15.258782386779785,7736400
2014-11-20,15.206599882076825,15.467497718307659,15.16187498556774,15.363139152526855,6163100
2014-11-21,15.512223329245877,15.609128934887261,15.452589657227675,15.594220161437988,9339700
2014-11-24,15.594218777580211,15.65385244430642,15.504767566601519,15.638943672180176,6336700
2014-11-25,15.65385057566176,15.735847390789138,15.638941805315218,15.6687593460083,7385800
2014-11-26,15.668766999070586,15.728400687804909,15.624040666185378,15.706037521362305,4070000
2014-11-28,15.691121079749516,15.720938620442597,15.594216916054192,15.6687593460083,2777400
2014-12-01,15.579307089941269,15.646395130175737,15.460039778808548,15.586761474609375,5494000
2014-12-02,15.564401734736267,15.74330416245701,15.542039997605281,15.661307334899902,5781700
2014-12-03,15.668763531064629,16.168196096841175,15.63149159524311,16.05638313293457,14731800
2014-12-04,16.071285413653616,16.108557337712735,15.802934669320594,15.825296401977539,9738100
2014-12-05,15.855121651816837,15.996750766782348,15.84021287494282,15.90730094909668,9244300
2014-12-08,15.907296395792411,15.907296395792411,15.609128052555857,15.661307334899902,6894400
2014-12-09,15.60913073767546,16.175651398168544,15.601676350089873,16.01165771484375,16769000
2014-12-10,15.981842813943283,16.063838240125193,15.728399303681018,15.765669822692871,8513500
2014-12-11,15.862572602460979,16.063835359524965,15.743305256875317,15.79548454284668,6083900
2014-12-12,15.691123145365173,15.73584946229267,15.3780460357666,15.378046035766602,7433700
2014-12-15,15.46004333192634,15.542040160342015,15.191691109314188,15.363139152526855,6943500
2014-12-16,15.303510307247754,15.6165875250576,15.243876619178224,15.46750259399414,10758800
2014-12-17,15.48985953916245,15.907295187998985,15.378045174882015,15.870024681091309,9124100
2014-12-18,16.287460133721634,16.54090355862111,16.183100156435643,16.533449172973633,14379100
2014-12-19,16.54836301815134,16.950890014082837,16.54836301815134,16.89125633239746,14899300
2014-12-22,16.861438331158368,16.93597935865817,16.78689588187961,16.921072006225586,6941600
2014-12-23,16.950887498253653,17.345961469394837,16.950887498253653,17.249055862426758,8320300
2014-12-24,17.25651363588068,17.43541468949425,17.25651363588068,17.308692932128906,3718800
2014-12-26,17.323596542596228,17.53231508712586,17.30123338439631,17.383230209350586,4108100
2014-12-29,17.28632926940918,17.44286714077048,17.24160294463821,17.28632926940918,4630200
2014-12-30,17.144698751192504,17.331054172401117,17.137244363730677,17.28632926940918,4239700
2014-12-31,17.36832499215534,17.47268499666988,17.077610984947036,17.092519760131836,6251600
2015-01-02,17.167067516972555,17.22670121435281,16.958348865251914,17.152158737182617,5009300
2015-01-05,17.025429133937592,17.107425963347342,16.824164964538483,16.913616180419922,7039700
2015-01-06,16.31727915944181,16.973250995413338,16.31727915944181,16.622901916503906,7835600
2015-01-07,16.75708064646251,16.973253637031718,16.660176444269556,16.861440658569336,5839900
2015-01-08,17.092513011008663,17.509948598901676,17.070149857061743,17.405590057373047,9533600
2015-01-09,17.427957486061878,17.495045548052612,17.308690136251453,17.375778198242188,6461700
2015-01-12,17.42795747010012,17.480138179650982,17.204331544855123,17.353416442871094,5867000
2015-01-13,17.450321496551,17.808123563394975,17.10742820460361,17.256511688232422,9155900
2015-01-14,17.07761119338133,17.345963462866763,16.950889446321995,17.3310546875,6829000
2015-01-15,17.741034917749296,17.741034917749296,17.15215254638932,17.15960693359375,9173200
2015-01-16,17.107431054003925,17.360874582343186,16.988163678524185,17.27142333984375,9960800
2015-01-20,17.405596593640258,17.413050981088553,17.085065042258726,17.256511688232422,8305300
2015-01-21,17.196876693581444,17.390686487059117,17.01797567385873,17.360870361328125,8283000
2015-01-22,17.47268504042724,17.703765369254103,17.345963294597205,17.6814022064209,6610300
2015-01-23,17.659039608626937,17.837940637275885,17.614313285130457,17.77830696105957,6603100
2015-01-26,17.703761234092067,17.97956782416372,17.5472233961602,17.823028564453125,8039600
2015-01-27,17.67394617648299,18.620631988433246,17.666493211343536,18.434276580810547,16548000
2015-01-28,18.53863472215735,18.75480623405903,18.016839064278074,18.054109573364258,14824600
2015-01-29,18.158473604408268,18.158473604408268,17.345963813617974,17.733583450317383,14157400
2015-01-30,17.62922437643381,18.001935257211606,17.59940824529676,17.71867561340332,11472400
2015-02-02,17.793209341257658,18.03174396040134,17.316138681191816,18.00192642211914,9573700
2015-02-03,18.0168401199335,18.188286746621525,17.852847879855247,18.151016235351562,9609500
2015-02-04,18.121202926676844,18.277742238531967,18.001935556586847,18.091386795043945,9187700
2015-02-05,18.054107423213228,18.37463888158439,18.01683691856577,18.24791717529297,8666000
2015-02-06,18.262834384778017,18.3746473721657,18.016845243813403,18.046661376953125,10167100
2015-02-09,18.054108638704157,18.27028156119336,18.016838131547466,18.06901741027832,7757300
2015-02-10,18.195739634719484,18.5609960178441,18.03920179414268,18.523725509643555,8829900
2015-02-11,18.516269420500674,18.538632576431265,18.210646731675695,18.30009651184082,5990300
2015-02-12,18.359737067185208,18.67281425889042,18.344829712745266,18.531185150146484,7373200
2015-02-13,18.531183336133836,18.657905078033075,18.45664088411446,18.635541915893555,6191200
2015-02-17,18.605724573283908,18.63554212313486,18.285194443060377,18.337373733520508,6591400
2015-02-18,18.367191784483385,18.40446372569913,18.165928989035063,18.359737396240234,6260200
2015-02-19,18.337370908663864,18.449183859822174,18.262828467298718,18.37464141845703,7059100
2015-02-20,18.329924748251244,18.605730056762695,18.083935576599124,18.605730056762695,6922500
2015-02-23,18.59081158544405,18.605718934072225,18.42681795452675,18.47154426574707,4922100
2015-02-24,18.441726724933524,18.501360384782014,18.31500502003316,18.47154426574707,5006500
2015-02-25,18.411629619490586,18.5164960522474,18.299272523151433,18.426610946655273,5410500
2015-02-26,18.426608446869135,18.568928178230315,18.284288715507955,18.32923126220703,6489700
2015-02-27,18.351705361220958,18.479043782099797,18.231857603770045,18.27680015563965,7660000
2015-03-02,18.216872799058418,18.46405893019688,18.164439593771124,18.449077606201172,6902000
2015-03-03,18.404138955908245,18.62885457728455,18.336724412365154,18.426610946655273,7297600
2015-03-04,18.351706726382478,18.64383547831294,18.186916404803412,18.538969039916992,7113900
2015-03-05,18.501513225946645,18.613870304505475,18.396645381087,18.44158935546875,4808100
2015-03-06,18.374171622945124,18.441586144080517,17.9621938350402,17.99964714050293,6211300
2015-03-09,18.007141416875477,18.082045185444272,17.70752062780907,17.797407150268555,9646200
2015-03-10,17.662579618309877,17.662579618309877,17.258093803779566,17.265583038330078,11204600
2015-03-11,17.4004111915131,17.4004111915131,16.97345341000539,17.003416061401367,10838000
2015-03-12,17.04086628595008,17.35546695145399,16.891055900968137,17.325504302978516,10354100
2015-03-13,17.198161976897214,17.318011114732066,16.958466558622288,17.228124618530273,7769000
2015-03-16,17.355461203545712,17.77492814239623,17.33298922463154,17.759946823120117,7456100
2015-03-17,17.737476650555827,17.759947201251183,17.505271911621094,17.505271911621094,7177700
2015-03-18,17.41539193003691,17.872312347535154,17.325505407577428,17.797407150268555,6871200
2015-03-19,17.692539603314508,17.75246347156774,17.280561758963017,17.325504302978516,8291200
2015-03-20,17.37044709636716,17.677557078901707,17.35546577314654,17.52025604248047,12800900
2015-03-23,17.512764691336706,17.707517599443825,17.497784797403515,17.58017921447754,5931100
2015-03-24,17.602654709929016,17.685050572137527,17.527749510530175,17.535240173339844,6116500
2015-03-25,17.565201901332014,17.655086992927888,16.99592441599966,17.01090431213379,9335800
2015-03-26,16.93599497739666,16.94348563734994,16.666336933867797,16.831127166748047,12019900
2015-03-27,16.86858640285287,17.055848681493693,16.78619054306761,17.033376693725586,4843200
2015-03-30,17.153221184276422,17.452840487532825,17.153221184276422,17.40789794921875,6636900
2015-03-31,17.3255031309018,17.3255031309018,16.93599872795475,16.988431930541992,8067500
2015-04-01,16.943486687579956,16.973447900552898,16.621395433110838,16.666337966918945,9290200
2015-04-02,16.636378941724697,16.808661311385688,16.531512530477077,16.718774795532227,9155000
2015-04-06,16.643867100842872,16.83112933773727,16.553982027204157,16.7562255859375,8828900
2015-04-07,16.756227056398778,16.763716289277994,16.456606308116204,16.47907829284668,8084100
2015-04-08,16.509045065179016,16.613911496068106,16.299310774702867,16.524024963378906,11006700
2015-04-09,16.509044552649957,16.68881618374931,16.486572563000816,16.65885353088379,8297200
2015-04-10,16.688813778520146,16.80117085317685,16.62139924798658,16.79368019104004,6751000
2015-04-13,16.83112984304937,17.018392085565846,16.72626344442336,16.748735427856445,6653700
2015-04-14,16.77120890258791,16.846114098375573,16.539004081474157,16.73375701904297,7289400
2015-04-15,16.793679481297744,16.913527213026192,16.718774291793046,16.72626495361328,7181400
2015-04-16,16.6813201767863,17.040863323807823,16.666338855152706,16.958467483520508,9309700
2015-04-17,16.801170266436277,16.823640823364258,16.55398413934483,16.823640823364258,9955900
2015-04-20,16.913526743118382,17.16820352314008,16.876074863755388,16.988431930541992,8010900
2015-04-21,17.123263101360624,17.153224322819536,16.778699768047503,16.93600082397461,8105600
2015-04-22,16.853606873526726,16.92102141531667,16.516534164577006,16.808664321899414,7870500
2015-04-23,16.748732441150352,17.213141919705087,16.748732441150352,17.070823669433594,10749200
2015-04-24,17.115769789945762,17.130751112705568,16.80865981685756,16.86858367919922,7346400
2015-04-27,16.89854094524219,17.07831249023764,16.703788080989472,16.76371192932129,12915800
2015-04-28,16.70378838052159,16.748732339099316,16.2993027542029,16.53150749206543,16599600
2015-04-29,16.306795228442898,16.314285889039347,15.632651490434105,15.999685287475586,22635100
2015-04-30,15.939760624007691,16.059608330085414,15.505312332301617,15.677593231201172,14806800
2015-05-01,15.745009741294185,16.067101027988308,15.745009741294185,16.05961036682129,10765500
2015-05-04,16.067101027988308,16.194439410432555,16.037138383320233,16.05961036682129,6281700
2015-05-05,15.992193177380962,16.052117028023765,15.505311712321031,15.580215454101562,11100400
2015-05-06,15.632649896548159,15.797440126775966,15.422915707324087,15.774968147277832,13314300
2015-05-07,15.75999641418457,15.87235351244028,15.655128550940956,15.75999641418457,11614400
2015-05-08,15.864855365234845,16.02964560303135,15.78245953198792,15.84238338470459,8717800
2015-05-11,15.797447999416702,16.10455806211942,15.789957335851028,15.962238311767578,8352900
2015-05-12,15.83489889814373,15.924785426611832,15.715051145984866,15.722541809082031,5946900
2015-05-13,15.715047095171489,15.917290660569664,15.587708712739031,15.789952278137207,10999200
2015-05-14,15.91728894991849,16.02215533758185,15.819913222616423,16.00717544555664,5991000
2015-05-15,16.02965051807034,16.074593064213868,15.909802775889078,15.947256088256836,5953800
2015-05-18,15.917289949773748,16.074589541149667,15.917289949773748,15.992195129394531,7848400
2015-05-19,16.067107558472795,16.194445992673817,15.879845239277067,16.097068786621094,9458900
2015-05-20,16.052124517576456,16.29931069539657,16.007181965799514,16.171972274780273,8403600
2015-05-21,16.23938710778116,16.516534515519332,16.209424453594334,16.344253540039062,9715400
2015-05-22,16.32177618161442,16.344246734199682,16.104551315307617,16.104551315307617,7743900
2015-05-26,16.014673260605228,16.029654589357357,15.730035157805455,15.887334823608398,9092500
2015-05-27,15.96265917871069,15.977724305482653,15.7366650352122,15.917459487915039,9760700
2015-05-28,15.940057647365075,15.940057647365075,15.691465121588477,15.857192993164062,8575800
2015-05-29,15.849661931978835,15.909926746149509,15.676399334014953,15.75926399230957,9786400
2015-06-01,15.804468828962525,15.894866806297822,15.676405865886668,15.729137420654297,8118000
2015-06-02,15.714076255165162,15.819539391322524,15.683943109504508,15.70654296875,8397600
2015-06-03,15.781862020977691,15.811993706183596,15.661332406501385,15.668864250183105,8205300
2015-06-04,15.63120526794,15.638738551331727,15.390145946712265,15.55587387084961,12959300
2015-06-05,15.5106729388832,15.64626914295267,15.39014329900515,15.601069450378418,8754900
2015-06-08,15.970198840679023,15.970198840679023,15.593543221199113,15.638741493225098,14185200
2015-06-09,15.646271297359883,15.646271297359883,15.299747457376037,15.540806770324707,10989900
2015-06-10,15.54834515758734,15.834604263305664,15.54834515758734,15.834604263305664,12287600
2015-06-11,15.819526986691658,15.887325074437872,15.646265845485262,15.668864250183105,8644500
2015-06-12,15.578474010880518,15.699003673736982,15.480542761792819,15.631205558776855,7674300
2015-06-15,15.563405631189864,15.563405631189864,15.262081509143094,15.35247802734375,11146300
2015-06-16,15.518210785467236,15.812001689481589,15.442879379178997,15.744203567504883,14505900
2015-06-17,15.804468193577845,15.909932735700233,15.631206967213489,15.751736640930176,6967300
2015-06-18,15.81199881260522,16.037992990351963,15.796932246723408,15.985260009765625,7743700
2015-06-19,15.947591295729406,15.962657858081464,15.774330139160156,15.774330139160156,9573000
2015-06-22,15.902399162678861,15.924997578073416,15.751736354855735,15.86473274230957,7942200
2015-06-23,15.842130961626205,15.864729372220259,15.729133161349079,15.796931266784668,6724900
2015-06-24,15.721612684755568,15.804475978234048,15.488085069679407,15.646281242370605,13670200
2015-06-25,15.744194559953113,15.75926111995631,15.4579371040236,15.480535507202148,8794000
2015-06-26,15.450412719358274,15.518210841580135,15.31481647491455,15.31481647491455,14402300
2015-06-29,15.23194873003678,15.247015295693501,14.81009494943607,14.840228080749512,13547200
2015-06-30,14.990889280529782,15.111418930953652,14.742296696927205,14.862826347351074,15155700
2015-07-01,14.968289883465332,15.08128624369382,14.840226958719267,14.915556907653809,8697100
2015-07-02,14.960757732349716,15.043620969808115,14.795028383779348,14.840228080749512,7447600
2015-07-06,14.697101662707862,14.938161016459421,14.62930353986185,14.779966354370117,8651600
2015-07-07,14.764897021540023,14.787495433706841,14.380708209609116,14.742297172546387,14206500
2015-07-08,14.591635742248048,14.599167588377393,14.418373107910156,14.418373107910156,9431000
2015-07-09,14.659435864002788,14.757367128645434,14.403311367371371,14.433443069458008,10142400
2015-07-10,14.569040131969857,14.599171835733916,14.403312169199468,14.523841857910156,8702200
2015-07-13,14.282776680901069,14.433439464182184,14.064317225652918,14.42590618133545,17219700
2015-07-14,14.425904578642688,14.553967499156034,14.410838014623089,14.501235961914062,7544700
2015-07-15,14.538901072624187,14.546434354705227,14.290308511256471,14.35810661315918,8866900
2015-07-16,14.599171597074553,14.779967564012257,14.5615066087784,14.71970272064209,10975900
2015-07-17,14.636838676062997,14.704636807486551,14.37317943572998,14.37317943572998,11534900
2015-07-20,14.388244816522647,14.388244816522647,14.237581995413178,14.245115280151367,9543500
2015-07-21,14.177313834642215,14.252645227557707,13.99651935374112,14.124582290649414,12235900
2015-07-22,14.041717937364178,14.199914009803901,13.906121714366368,14.14718246459961,12198900
2015-07-23,14.184847443509291,14.335510232801711,14.09444948256847,14.14718246459961,9955300
2015-07-24,14.101979292153372,14.177310668244155,13.898586444582692,13.996516227722168,11529500
2015-07-27,13.891055851466751,14.056783761476694,13.793124612549283,13.898589134216309,13062400
2015-07-28,14.049253624749733,14.094451894541468,13.604799900787592,13.838327407836914,15400200
2015-07-29,13.755462952374604,14.049253866312961,13.597266850142871,13.966390609741211,15920400
2015-07-30,13.973919628371707,14.147182264657319,13.906121517830993,14.034184455871582,9830200
2015-07-31,14.124578491785536,14.169776740647851,14.034180557234482,14.071846961975098,10523100
2015-08-03,14.011587634440659,14.041719333198314,13.64246534449071,13.702730178833008,14349100
2015-08-04,13.702729723674212,13.883524220695719,13.695196440028282,13.770527839660645,9883100
2015-08-05,13.853392539882766,14.041720340313264,13.79312770121809,13.838327407836914,7553300
2015-08-06,13.770528260562434,13.845858225670348,13.649998592197392,13.755461692810059,8624500
2015-08-07,13.770525724086076,13.800657417213706,13.604796382990594,13.657527923583984,6357200
2015-08-10,13.747930394893514,13.936258208522192,13.717797255035872,13.90612506866455,7615900
2015-08-11,13.755461827567185,13.762995111517172,13.393872818929704,13.476736068725586,10749900
2015-08-12,13.401402221955976,13.574663392149874,13.35620253134546,13.514398574829102,10759300
2015-08-13,13.499332331215834,13.567130431911787,13.401402539558687,13.416467666625977,6663500
2015-08-14,13.348671197015568,13.552065523956355,13.341137914148117,13.529465675354004,6041600
2015-08-17,13.484267998657103,13.702728900789106,13.416469886742126,13.680129051208496,5586500
2015-08-18,13.612335515938945,13.64246865884425,13.461674111894437,13.49933910369873,5897900
2015-08-19,13.378804626067582,13.514400847044147,13.280873383439252,13.363738059997559,9230400
2015-08-20,13.258276110575087,13.280874524795404,12.972017077950879,12.9795503616333,8687400
2015-08-21,12.86655365114405,13.009683163797344,12.648094177246094,12.648094177246094,13337700
2015-08-24,11.924910109221479,12.633022675569045,11.61605279091776,12.27143383026123,22789600
2015-08-25,12.715886570042626,12.715886570042626,12.015307965074925,12.030374526977539,20076600
2015-08-26,12.316635403500015,12.482363309823407,11.924913330197377,12.444698333740234,16739000
2015-08-27,12.596462191301622,12.915167911771738,12.573696980075178,12.869637489318848,11897400
2015-08-28,12.839285921265272,13.08969746708991,12.824109113072241,13.036580085754395,11534100
2015-08-31,12.937930827106987,13.104872803805096,12.877225048491292,13.059342384338379,9809600
2015-09-01,12.725463499557778,12.824109863907916,12.573698303421992,12.672346115112305,14692300
2015-09-02,12.899992006873191,12.899992006873191,12.634403646675423,12.892403602600098,8524800
2015-09-03,12.907579518996101,13.37046201628026,12.907579518996101,13.097285270690918,10944700
2015-09-04,12.907576730108802,13.165576612455975,12.907576730108802,13.08210563659668,10529700
2015-09-08,13.317345212095697,13.522227802396307,13.27940463493199,13.49946403503418,11553000
2015-09-09,13.658818549552562,13.780230154205789,13.294583735592878,13.324935913085938,10537600
2015-09-10,13.324932962102036,13.491874967034063,13.256638768691692,13.362874984741211,9943100
2015-09-11,13.256638207158653,13.408403396606445,13.218697633466762,13.408403396606445,5698200
2015-09-14,13.415991394120667,13.469108774615162,13.256637805297117,13.370462417602539,5972100
2015-09-15,13.620878553270696,13.704348130481725,13.438759691096228,13.681584358215332,7823600
2015-09-16,13.658819591794046,13.98511384695029,13.628465964644347,13.894054412841797,11141400
2015-09-17,13.878871618342782,14.023046928116374,13.734694861229361,13.787812232971191,8404500
2015-09-18,13.673991339956839,13.681579743933206,13.317343589767978,13.370462417602539,16717900
2015-09-21,13.423582364524695,13.476699755174595,13.226288165439103,13.29458236694336,10460900
2015-09-22,13.066935478310421,13.112465914121513,12.7861716941776,12.884818077087402,14266200
2015-09-23,12.862052258187616,12.877227620367458,12.672346481207505,12.7254638671875,8381400
2015-09-24,12.588873251262463,12.717873214703426,12.323284920961658,12.657167434692383,14593300
2015-09-25,12.619226065660365,12.778579650960461,12.459873927700306,12.573697090148926,14809200
2015-09-28,12.505405638493137,12.52058244942989,12.353641871146683,12.406759262084961,13183900
2015-09-29,12.383992531922347,12.69510988139455,12.315698338395261,12.672346115112305,11541000
2015-09-30,12.877226109509408,13.036579696092991,12.84687394137066,12.991050720214844,10471300
2015-10-01,13.01381737480162,13.082111577456738,12.649582592201241,12.770994186401367,9414200
2015-10-02,12.626816551072885,12.945522326873537,12.414346998765968,12.937933921813965,10396000
2015-10-05,13.082111168340086,13.438757534232016,13.082111168340086,13.385640144348145,8598000
2015-10-06,13.415992535352855,13.605698308879134,13.355286745718054,13.514638900756836,7738400
2015-10-07,13.628462020780912,13.75746200415535,13.461521461789362,13.53740406036377,9491800
2015-10-08,13.50704929817956,13.689168098271834,13.476697129724222,13.636049270629883,8112700
2015-10-09,13.636051927124297,13.689170765114543,13.286993961516181,13.29458236694336,9482600
2015-10-12,13.317343190040091,13.324931593788687,13.044167891790773,13.097285270690918,7814500
2015-10-13,12.983463670584,13.036581055872247,12.73305210612497,12.80893325805664,12346200
2015-10-14,12.824110341913718,12.991052353353712,12.79375816995932,12.899992942810059,15359800
2015-10-15,12.922757436652637,12.960698011314964,12.687521242257738,12.786169052124023,15097900
2015-10-16,12.80134437754129,12.854461754849513,12.710284982627202,12.816519737243652,15398800
2015-10-19,12.763402938842773,12.91516812146984,12.657168179407854,12.763402938842773,17273000
2015-10-20,12.733051668660709,12.907580627851647,12.695109646658233,12.786169052124023,11998200
2015-10-21,12.770993919062054,12.877228699928224,12.657170732799678,12.67993450164795,9553600
2015-10-22,12.808932135526472,13.461520405797703,12.740639394240945,13.35528564453125,41477700
2015-10-23,13.476697213790073,13.476697213790073,13.195932055291498,13.35528564453125,15563100
2015-10-26,13.302169190241688,13.317344551950777,13.036580821240298,13.142815589904785,11936800
2015-10-27,13.355283744346904,13.924400937026405,12.846872327659623,13.856106758117676,23645800
2015-10-28,13.848526365396115,14.281055450439453,13.810585776208022,14.281055450439453,15775600
2015-10-29,14.243107202190297,14.417636134349792,14.189989826953923,14.303812980651855,18520400
2015-10-30,14.37210413692109,14.37210413692109,14.106515869307279,14.114104270935059,13584900
2015-11-02,14.106526424429106,14.334172854239062,14.098938017123347,14.281055450439453,8395300
2015-11-03,14.189992701373487,14.402462245358233,14.1748158918488,14.288639068603516,11701000
2015-11-04,14.303813899971662,14.447990675836719,14.212754502756885,14.318990707397461,7904600
2015-11-05,14.258287003472226,14.569404364352758,14.258287003472226,14.463168144226074,8124500
2015-11-06,14.410052895371114,14.51628768391608,14.303818106826151,14.356935501098633,11458200
2015-11-09,14.288639639792146,14.364522243108771,14.189993268618727,14.243110656738281,12218700
2015-11-10,14.197289381176248,14.40349027415404,14.166740453333736,14.34239387512207,10860300
2015-11-11,14.365299566757482,14.411122944015037,14.13618850708008,14.136188507080078,6130200
2015-11-12,14.036904885589474,14.166734864394627,13.838342759560396,13.853615760803223,7813100
2015-11-13,13.777248238788054,13.922351238364149,13.609232092632844,13.69324016571045,15624000
2015-11-16,13.655055669536685,14.098004865189424,13.624508202587972,14.00636100769043,7600800
2015-11-17,14.014003113999772,14.281300461893615,13.975816946213019,14.090373992919922,8907100
2015-11-18,14.136192454077959,14.426399974475666,14.067458825652949,14.38057804107666,9558000
2015-11-19,14.380574796932583,14.663146478562016,14.357663107075275,14.502767562866211,9799700
2015-11-20,14.50277063153179,14.594415953699734,14.456948698774308,14.495133399963379,9289800
2015-11-23,14.525682122178102,14.7318830016695,14.495133196333617,14.556229591369629,9167800
2015-11-24,14.426401136406087,14.563868404327987,14.311845565355542,14.479860305786133,9965100
2015-11-25,14.495130745184301,14.62496074476299,14.350027741919018,14.487493515014648,9375400
2015-11-27,14.464582279124222,14.49512974103395,14.327115058898924,14.327115058898926,2958900
2015-11-30,14.395848330325562,14.487492170551281,14.288928574525453,14.304203033447266,10030100
2015-12-01,14.418763907926902,14.456950069389254,14.266023632036841,14.372941970825195,7529500
2015-12-02,14.350028116566905,14.518042814727647,14.28129449989825,14.31184196472168,9624000
2015-12-03,14.38821371604571,14.418761182789021,13.563411720836529,13.616870880126953,20092100
2015-12-04,13.609231495821694,13.792520637237335,13.517587653440179,13.769610404968262,13985200
2015-12-07,13.716153390462095,13.830710408426379,13.586324822521494,13.777251243591309,9693200
2015-12-08,13.616870880126953,13.685604501115456,13.4412189405576,13.616870880126953,11101700
2015-12-09,13.532862995837695,13.800160252861351,13.502315528646545,13.555774688720703,9748800
2015-12-10,13.555775430460756,13.739064613595392,13.43358264170433,13.509953498840332,8096900
2015-12-11,14.319478976280669,14.319478976280669,13.823070663100152,14.266019821166992,28733400
2015-12-14,14.220198392979073,14.227834166845387,13.716151375288474,13.800159454345703,16421000
2015-12-15,13.876532000163607,13.945265626589668,13.571050025299428,13.647420883178711,10991000
2015-12-16,13.731426659200803,14.197287552213284,13.700879191946617,14.143828392028809,19688500
2015-12-17,13.884173827093463,13.99109218952124,13.800165709955385,13.81544017791748,13301100
2015-12-18,13.716152316367191,13.861256792880138,13.662693155718443,13.74670124053955,22788000
2015-12-21,13.792520637237335,13.884165936271462,13.685602335574698,13.769610404968262,12009300
2015-12-22,13.792521823357044,13.937626285701082,13.76197435882041,13.868892669677734,8461700
2015-12-23,13.93762647110053,14.189649247654321,13.929989240701598,14.16673755645752,10409500
2015-12-24,14.182012764859147,14.372939164938893,14.14382806750433,14.174375534057617,3163000
2015-12-28,14.113275740231673,14.143824656069514,13.81543109407513,13.907074928283691,6398500
2015-12-29,13.991083521616929,14.166735424398961,13.991083521616929,14.1209135055542,7058200
2015-12-30,14.098001817805551,14.243106260241921,14.090366045208537,14.1209135055542,5701100
2015-12-31,14.013998980289301,14.143828999161576,13.945265355200867,13.960539817810059,7590100
2016-01-04,13.70851790609408,13.73142814485024,13.55577618333891,13.677968978881836,10840700
2016-01-05,13.685595916655561,13.800151394229106,13.540491534848044,13.670321464538574,11931400
2016-01-06,13.43358175813815,13.509952610251016,13.280840053912419,13.364848136901855,12620500
2016-01-07,13.097549967583657,13.296113586540452,13.013543347117404,13.059365272521973,11555100
2016-01-08,13.120461128579647,13.311387509480625,13.059364744957442,13.097549438476562,16851500
2016-01-11,13.128098923910226,13.41066916408565,13.097550002457343,13.219742774963379,15858500
2016-01-12,13.357215155070616,13.448860498089797,13.067007572707608,13.242659568786621,14399600
2016-01-13,13.288480116363473,13.471769326498807,12.998272564479153,13.028820037841797,16646500
2016-01-14,13.074639028558204,13.341934792889742,13.005905415829332,13.212104797363281,10051300
2016-01-15,12.944812026503692,13.105189522189715,12.769158610769901,12.883715629577637,16369100
2016-01-19,12.998269128018407,13.074639976213955,12.669875500434497,12.799705505371094,11239000
2016-01-20,12.417852710583404,12.837890190325849,12.318570171017011,12.746246337890625,17553100
2016-01-21,12.799706801375772,13.212107092743926,12.65460232077729,12.929536819458008,14564000
2016-01-22,13.135736119298086,13.189195275045542,12.93717250034129,13.059365272521973,12870700
2016-01-25,13.021179362820131,13.082275750046014,12.692787191888991,12.799705505371094,13527400
2016-01-26,12.814983357179564,13.784888578945347,12.799708892168285,13.525228500366211,19514200
2016-01-27,13.448857851402106,13.952903497179932,13.380124221827582,13.677968978881836,16926300
2016-01-28,13.838346765017748,13.89944315763062,13.662693361684457,13.73906421661377,11327100
2016-01-29,13.830710665473028,14.212563514709473,13.823073433689936,14.212563514709473,12134600
2016-02-01,14.05218160461306,14.281294139951594,13.98344798967677,14.182011604309082,8548800
2016-02-02,13.968181944231539,14.036914136754081,13.685610113546561,13.81544017791748,11196700
2016-02-03,13.952899629131453,14.113277082576527,13.716149878827839,14.036906242370605,11285000
2016-02-04,14.021641855876288,14.563872386896135,14.006367387118498,14.403494834899902,13743500
2016-02-05,14.319480191342219,14.495132132092666,13.929990155339368,14.00636100769043,17089800
2016-02-08,13.800159315701027,13.853618472144808,13.586322689925906,13.716151237487793,11642500
2016-02-09,13.624504733049259,14.26601739878966,13.601593046182645,14.10563850402832,17643200
2016-02-10,14.136187405256491,14.266017384061644,13.838342759560396,13.853615760803223,9627000
2016-02-11,13.601595878601074,13.76961203730591,13.448855637640875,13.601595878601074,14133500
2016-02-12,13.746698596174765,14.052180495870351,13.670327757087719,14.044543266296387,14134000
2016-02-16,14.197292735338403,14.288936627211033,14.120921854342278,14.235477447509766,12054700
2016-02-17,14.296568925537713,14.60205234406372,14.266021457676848,14.472222328186035,12950600
2016-02-18,14.548588549585952,14.59441192635139,14.288928574525453,14.304203033447266,9977500
2016-02-19,14.197286478053256,14.273657325389836,14.067456474576893,14.16673755645752,13248100
2016-02-22,14.334757060601184,14.418763701308325,14.197289794612832,14.273660659790039,12812300
2016-02-23,14.139031479148096,14.246729130712112,13.992872791079844,14.008256912231445,9564700
2016-02-24,13.939032316802242,13.977494841577263,13.60824932163249,13.839027404785156,12597200
2016-02-25,13.839025747238669,13.985185964929935,13.792870429586566,13.939030647277832,12371400
2016-02-26,14.023646056351387,14.154420656426147,13.96979795054134,14.085186958312988,18385000
2016-02-29,14.123655226896275,14.285199593369956,14.06980710473838,14.077498435974121,14432600
2016-03-01,14.16980884058221,14.431358088572685,14.039034216586971,14.331353187561035,9536000
2016-03-02,14.354432401738539,14.53905515195931,14.315969878995075,14.462128639221191,7750300
2016-03-03,14.55443997266246,14.5775183654299,14.362124434687138,14.53136157989502,7807100
2016-03-04,14.562133872907172,14.777526352708497,14.531362680220568,14.585210800170898,9478200
2016-03-07,14.546746686032208,15.06984516649943,14.485205774639068,15.054459571838379,14397800
2016-03-08,15.000607835804852,15.054455936865576,14.631362456602133,14.639055252075195,9052500
2016-03-09,14.69290892449107,14.931379805578132,14.69290892449107,14.754449844360352,6818200
2016-03-10,14.762138434206701,14.931375548786539,14.462125251529965,14.615978240966797,7665700
2016-03-11,14.792911005576135,15.039074662364017,14.769834079784228,14.962149620056152,9139800
2016-03-14,14.854449009054733,15.03138038654619,14.854449009054733,14.931375503540039,6462100
2016-03-15,14.80060520302568,14.985227963077307,14.739064283008473,14.954458236694336,7293100
2016-03-16,14.962149620056152,15.085231448450093,14.869837515135131,14.962149620056152,7096400
2016-03-17,14.992915885270387,15.50062867709939,14.977530293457194,15.416010856628418,11048800
2016-03-18,15.500626721198735,15.623708505671978,15.385237731661396,15.400623321533203,13135500
2016-03-21,15.385240450278012,15.577555955906488,15.369854857687526,15.51601505279541,6402100
2016-03-22,15.47755096564643,15.716021757560632,15.43908698807916,15.623709678649902,8554600
2016-03-23,15.585249641268677,15.592942438002758,15.400626921403566,15.485244750976562,6757900
2016-03-24,15.300623674292037,15.608329707696994,15.254468356181736,15.577558517456055,7009500
2016-03-28,15.669868523320552,15.800643129836516,15.592942025266883,15.677559852600098,7587600
2016-03-29,15.562175142964449,15.90834374631565,15.539098214241914,15.885265350341797,8909900
2016-03-30,15.96219175589745,16.208355442192044,15.923729230133159,16.03142547607422,8169600
2016-03-31,16.085267030132044,16.15450072203511,15.954492441787446,16.069881439208984,9699000
2016-04-01,15.908340303942984,16.069884639049757,15.854492192240725,16.02372932434082,7563800
2016-04-04,15.992954711754537,16.12372781888764,15.977569122473977,15.985261917114258,6557600
2016-04-05,15.83141284424082,15.954494654191599,15.716023830818328,15.854491233825684,5955700
2016-04-06,15.83141282473998,16.039113928995167,15.70833101494081,16.008342742919922,6230500
2016-04-07,15.962188532550945,16.039115035796573,15.839106714258342,15.89295482635498,7349300
2016-04-08,15.992961839243094,16.100658077702253,15.723719775843989,15.792953491210938,8799700
2016-04-11,15.83141238564004,16.031420687828987,15.823719589334594,15.862183570861816,6415700
2016-04-12,16.16988953271195,16.216044847420886,15.969881212638564,16.02372932434082,11371400
2016-04-13,16.123727590467723,16.254502162998737,16.077572290530465,16.216039657592773,9355900
2016-04-14,16.154504281295072,16.231430785608588,15.769873226978522,15.977574348449707,8666900
2016-04-15,15.977571356429436,16.15450125614224,15.954492969281818,16.092960357666016,8955000
2016-04-18,15.946800173565945,16.17757964328986,15.946800173565945,16.092960357666016,5680600
2016-04-19,16.18527581266129,16.200659940048943,16.008344408818182,16.100656509399414,5342600
2016-04-20,16.10834276300743,16.216038947226764,16.092957174618817,16.13911247253418,4651200
2016-04-21,16.116038968624977,16.2083495839959,15.98526437414052,16.000648498535156,7026000
2016-04-22,15.916036259716371,16.24681925982317,15.916036259716371,16.146814346313477,5901800
2016-04-25,16.0545008206354,16.162197046108183,16.00065124064798,16.131425857543945,8113400
2016-04-26,15.823722451922068,15.954497078270645,14.762141312990375,14.785218238830566,39904900
2016-04-27,14.792905975889436,14.923680557500159,14.692902574540357,14.84675407409668,18557500
2016-04-28,14.800603626510695,14.800603626510695,14.523668782305874,14.53136157989502,14631800
2016-04-29,14.523665897563477,14.539051489685828,14.246732575615255,14.36212158203125,10593100
2016-05-02,14.41597285923143,14.569825879806396,14.385203135467123,14.469820976257324,8493800
2016-05-03,14.323659896850586,14.377508005140292,14.19288529075377,14.323659896850586,9115200
2016-05-04,14.262121330110991,14.331353575510958,14.008263405556145,14.131346702575684,7729700
2016-05-05,14.139034603503974,14.254425074767292,14.092879295349121,14.092879295349121,7108700
2016-05-06,14.054417505616914,14.292888321802423,14.02364632043124,14.185192108154297,5995300
2016-05-09,14.18519333279892,14.323660743586974,14.069804312892542,14.108266830444336,7128100
2016-05-10,14.208276003351902,14.523673470050854,14.146735070026534,14.508289337158203,8972400
2016-05-11,14.454435045044908,14.608286579178253,14.41597106107335,14.515975952148438,10805100
2016-05-12,14.554437567106666,14.662133781052473,14.346736468281865,14.523666381835938,14750600
2016-05-13,14.500589974398425,14.646750175116225,14.36981536686164,14.377508163452148,11932900
2016-05-16,14.38520254941433,14.792910543001033,14.38520254941433,14.777524948120117,11122900
2016-05-17,14.746752117049507,14.89291230310603,14.64674870590606,14.700596809387207,8376500
2016-05-18,14.623670046573375,14.939067333028472,14.56212914841752,14.600591659545898,7966700
2016-05-19,14.485203024084768,14.639056006978443,14.423662124377456,14.569822311401367,9203700
2016-05-20,14.685214436983086,15.04676711622232,14.685214436983086,15.008304595947266,10284600
2016-05-23,15.054455632121654,15.292926417956426,15.008300327468302,15.169844627380371,12146300
2016-05-24,15.246778051200806,15.516020140820922,15.231392453565062,15.454479217529297,8054400
2016-05-25,15.516019967118245,15.569868090989166,15.34678279677373,15.385245323181152,8334300
2016-05-26,15.443328789238594,15.605970956745617,15.420093560785206,15.59048080444336,7378000
2016-05-27,15.544008800254888,15.884784698486328,15.497539829612128,15.884784698486328,12534300
2016-05-31,15.846059669065102,16.225560948750864,15.838316071474921,16.17909049987793,15890500
2016-06-01,16.02419580729731,16.171347818844662,15.908022622362276,16.08615493774414,7380400
2016-06-02,16.086148399041107,16.411434070970287,16.055168107799478,16.388198852539062,9981100
2016-06-03,16.256538257301415,16.364966340133044,16.086151058962876,16.326242446899414,6973200
2016-06-06,16.388204051453094,16.496632150752827,16.264285801618527,16.310754776000977,8399500
2016-06-07,16.341737080611516,16.496634173284495,16.310756775743574,16.33399200439453,10188900
2016-06-08,16.341730138869,16.380454026282308,16.148107747359226,16.248790740966797,7927700
2016-06-09,16.163605002759464,16.318502097765652,16.016451506864662,16.28752326965332,7787000
2016-06-10,15.807339888087089,15.954493393389424,15.59048216854798,15.892534255981445,10906300
2016-06-13,15.776358946553316,15.884787053200132,15.660184286892115,15.675674438476562,9868500
2016-06-14,15.629205554197734,15.838318170168982,15.598225250843992,15.698909759521484,5687200
2016-06-15,15.815084442266532,15.830574595412205,15.629207036185381,15.644697189331055,4995900
2016-06-16,15.520778123859124,15.629206235882087,15.427838686966416,15.574992179870605,6784500
2016-06-17,15.536271211611586,15.79185288912922,15.528526133235578,15.714405059814453,10867000
2016-06-20,16.000963501785,16.039687411428357,15.815086076496467,15.822831153869629,6495900
2016-06-21,15.846064204268743,15.877044512384048,15.753126234367622,15.776361465454102,5332500
2016-06-22,15.853810433515111,16.14037239551874,15.815086522779014,15.915769577026367,7828700
2016-06-23,16.10164451599121,16.18683739405648,15.946745956781774,16.10164451599121,6270900
2016-06-24,15.536263784088824,15.737631293927983,15.2497034072876,15.249703407287598,13941900
2016-06-27,15.102552890148623,15.102552890148623,14.622368507253293,14.7617769241333,8755400
2016-06-28,14.939911257069243,15.087063278182542,14.854716893208277,15.009613990783691,7098600
2016-06-29,15.17999874530234,15.381366248944635,15.017355136612759,15.34264087677002,9259200
2016-06-30,15.420098810167898,15.923517113589485,15.412353731380152,15.861557960510254,9738900
2016-07-01,15.753128974471837,15.931261345452048,15.675679667934414,15.714405059814453,5449200
2016-07-05,15.644694764336013,15.644694764336013,15.350387809076304,15.435582160949707,3731800
2016-07-06,15.38136970713118,15.598225931177106,15.319410574943452,15.574992179870605,3701000
2016-07-07,15.892528954254468,16.093896452960056,15.75312057228738,15.815079689025879,7302600
2016-07-08,15.93125720535993,16.202328969185544,15.93125720535993,16.194583892822266,5830100
2016-07-11,16.171351642043614,16.35723055455142,16.171351642043614,16.256546020507812,4539300
2016-07-12,16.364970229389066,16.651532129975713,16.333991402884184,16.612808227539062,7262500
2016-07-13,16.612803304375404,16.69025108629724,16.535354045231816,16.550844192504883,4253300
2016-07-14,16.65153012190558,16.69025401967237,16.56633577415223,16.589570999145508,4485200
2016-07-15,16.61280579234902,16.61280579234902,16.47339740045678,16.535356521606445,4907500
2016-07-18,16.566336918183985,16.605062295847066,16.504377791145163,16.558591842651367,4386700
2016-07-19,16.512126922607422,16.60506637460574,16.457912857784432,16.512126922607422,3698300
2016-07-20,16.56634181789351,16.767709409632268,16.45791368281208,16.736730575561523,4890700
2016-07-21,16.7599574023855,16.860641895238036,16.620549013649335,16.65152931213379,3868500
2016-07-22,16.620546751979386,16.78319034244688,16.543098970750968,16.7677001953125,3034700
2016-07-25,16.728976304698293,16.821914233061086,16.682507340516896,16.7677001953125,4536700
2016-07-26,16.806427240284147,16.922600400941583,16.767701868583746,16.814170837402344,8220700
2016-07-27,16.241052290929563,16.67476768837451,16.07841012480437,16.643787384033203,17900700
2016-07-28,16.643785424433794,17.51895971514587,16.581826300268325,17.263378143310547,22400800
2016-07-29,17.317595166951207,17.402788054048564,17.17818674432716,17.209165573120117,27644400
2016-08-01,17.232397842616788,17.402785064766324,17.20916261709647,17.263378143310547,12726200
2016-08-02,17.240145127132127,17.325339487735658,17.10073671058898,17.123971939086914,8687000
2016-08-03,17.13171686331695,17.317594257985245,17.0929914828305,17.193675994873047,24294800
2016-08-04,17.162693075237883,17.41827463861413,17.162693075237883,17.333080291748047,7728500
2016-08-05,17.387302299078147,17.604158568724447,17.379557221273274,17.534454345703125,10726100
2016-08-08,17.534450798963434,17.751308501967898,17.50347197123265,17.658369064331055,21735000
2016-08-09,17.712583871903398,17.81326690442893,17.689348644141113,17.743562698364258,5756000
2016-08-10,17.728073365825928,17.76679874721943,17.619645252368628,17.681604385375977,5700200
2016-08-11,17.735827817159862,17.81327714366388,17.712594053264784,17.751317977905273,6531700
2016-08-12,17.712581634521484,17.774540756838967,17.642877437261564,17.712581634521484,6336700
2016-08-15,17.735816000175284,17.913948298392757,17.71258225176034,17.86747932434082,7735500
2016-08-16,17.774545903378353,17.867483875153347,17.56543325105098,17.611902236938477,9179300
2016-08-17,17.63513403949201,17.65836778930694,17.38729752665182,17.495725631713867,10100400
2016-08-18,17.495724819368927,17.62738814535478,17.472489593410693,17.55768394470215,9902500
2016-08-19,17.588659485347392,17.7358129345018,17.542190519327715,17.635129928588867,11328200
2016-08-22,17.542199256861405,17.65837246838581,17.48798518996485,17.604158401489258,8571200
2016-08-23,17.720328289547226,17.82101280394808,17.666114232818575,17.681604385375977,9692700
2016-08-24,17.681607287856473,17.766801663684795,17.518965090972394,17.549943923950195,7588100
2016-08-25,17.518962613342584,17.689349863679617,17.457003478927092,17.565431594848633,7680400
2016-08-26,17.619643070035366,17.735816245382395,17.487979744049518,17.55768394470215,9418400
2016-08-29,17.600536379734354,17.826483172964082,17.56158049726871,17.678449630737305,8485500
2016-08-30,17.678449573323388,17.7563628240733,17.64728367859476,17.740779876708984,7238400
2016-08-31,17.686241104444765,17.71740551320295,17.577161958611974,17.678449630737305,7859500
2016-09-01,17.66287206551012,17.76415828242748,17.600541742928943,17.69403648376465,5918400
2016-09-02,17.725196929344673,17.87323195716234,17.68624104700554,17.740779876708984,5110600
2016-09-06,17.740775739754522,17.826478958129883,17.70181838042817,17.826478958129883,6963200
2016-09-07,17.80310998597715,17.857648815085927,17.694030841687965,17.779735565185547,10391000
2016-09-08,17.694032892391487,17.795320574822515,17.655077005962205,17.732990264892578,14202100
2016-09-09,17.600540083508616,17.639495974171954,17.374591756659733,17.436922073364258,13999000
2016-09-12,17.296672457658733,17.58494948984596,17.249923625894866,17.514827728271484,12405700
2016-09-13,17.397966472264294,17.530418583224872,17.327844679045636,17.413549423217773,10036500
2016-09-14,17.390169374712798,17.584951740444026,17.382377901754968,17.429126739501953,6985000
2016-09-15,17.327840711476973,17.66286664990565,17.327840711476973,17.600536346435547,7031500
2016-09-16,17.561580599978097,17.670658260377174,17.51483175745992,17.623910903930664,13055900
2016-09-19,17.686241149902344,17.91997941744029,17.686241149902344,17.686241149902344,6141600
2016-09-20,17.80311028367132,17.849857639964576,17.655075254992397,17.686241149902344,7664800
2016-09-21,17.77973725754737,17.943355246519285,17.686242537624945,17.88881492614746,11700100
2016-09-22,17.943353596020287,18.099178610248202,17.935562122398142,18.00568389892578,8373900
2016-09-23,17.881026794179117,18.099182154026856,17.84986089358834,18.02906036376953,10115500
2016-09-26,17.91997718811035,17.958933065829825,17.849855419358114,17.91997718811035,8212700
2016-09-27,17.912185563909237,18.19267263654674,17.888811145832292,18.17708969116211,10187000
2016-09-28,18.231632003408986,18.418622925599593,18.200467592746428,18.410831451416016,11990000
2016-09-29,18.36408252947995,18.527700501266587,18.30175222738781,18.32512664794922,7643200
2016-09-30,18.434205963967713,18.55107510514846,18.23942356664255,18.426414489746094,9828500
2016-10-03,18.379669077004216,18.473163805421756,18.364086126910653,18.434207916259766,8666700
2016-10-04,18.46536625540671,18.504322128617385,18.1692962691489,18.239418029785156,9446700
2016-10-05,18.317334772328586,18.61340332924909,18.317334772328586,18.54328155517578,8362900
2016-10-06,18.535493788488516,18.660154404870863,18.457580531731605,18.597824096679688,9753900
2016-10-07,18.59003263979247,18.660154422332127,18.434206126132835,18.52770233154297,8529600
2016-10-10,18.59002852983012,18.66794028336311,18.527698235360866,18.551071166992188,6739700
2016-10-11,18.480957105736696,18.551078902011373,18.35629646481995,18.41862678527832,5939100
2016-10-12,18.37187007920127,18.395244494770456,18.11475745222544,18.239418029785156,9556100
2016-10-13,18.075801849365234,18.138132139077335,17.96672272781556,18.075801849365234,8697900
2016-10-14,18.231632187763342,18.395250175129434,18.208259251048016,18.223840713500977,6775500
2016-10-17,18.239423841483084,18.37187593310292,18.231632367144062,18.255006790161133,5821200
2016-10-18,18.42641282107845,18.566656372223807,18.37966546605387,18.395248413085938,8054900
2016-10-19,18.410839201654525,18.644579067341873,18.356300345482524,18.512126922607422,6462600
2016-10-20,18.48095125445191,18.597821868621814,18.4575783204752,18.54328155517578,4177400
2016-10-21,18.41083524768284,18.582244742922235,18.31734051034504,18.558870315551758,5938600
2016-10-24,18.660154072525724,18.80818762304837,18.488744613499044,18.613405227661133,9829400
2016-10-25,18.613405739490872,18.613405739490872,17.709615518927503,17.8966064453125,17599000
2016-10-26,17.84985740996271,18.106970095370126,17.826482989081438,17.935562133789062,12335700
2016-10-27,17.997902014003007,18.03685791679652,17.826492475137712,17.85765838623047,8345400
2016-10-28,17.818691216162534,18.02126356588336,17.655073258530802,17.670656204223633,14260400
2016-10-31,17.70961943592797,17.72520238809129,17.553794372511092,17.69403648376465,10242800
2016-11-01,17.77974152006225,17.834280367437437,17.444715473532227,17.592750549316406,8994600
2016-11-02,17.538205872724117,17.678449425688438,17.38237937252562,17.499248504638672,11589900
2016-11-03,17.51483362414679,17.569372460158938,17.320051217776637,17.397964477539062,10994700
2016-11-04,17.41355112392661,17.623916524128095,17.397968171451208,17.45250701904297,21053100
2016-11-07,17.7641600750455,17.990108445998235,17.7329956536461,17.904403686523438,11174200
2016-11-08,17.904399820900753,18.13813961825616,17.88102688141557,18.04464340209961,6608800
2016-11-09,17.74078123146382,18.169301914204354,17.561581781304817,18.08359718322754,10550700
2016-11-10,18.16150693870688,18.371872245419713,18.05242929199866,18.068012237548828,13188900
2016-11-11,18.01347689706962,18.286171066565117,18.005685422788066,18.231632232666016,9153700
2016-11-14,18.29396252352856,18.426414614046028,18.23163221540691,18.301753997802734,7637200
2016-11-15,18.258660253041622,18.572114853937247,18.258660253041622,18.53293228149414,6632700
2016-11-16,18.45456449240147,18.72883645934207,18.431056448870144,18.548601150512695,6311500
2016-11-17,18.603450917406118,18.71315908079709,18.603450917406118,18.666141510009766,4412000
2016-11-18,18.666146107400998,18.721000202606813,18.56427442982763,18.673982620239258,4752100
2016-11-21,18.728834120918453,18.807197743783238,18.626962457457477,18.705326080322266,5198700
2016-11-22,18.791518830162204,18.86204591916794,18.713155231860128,18.807191848754883,5669000
2016-11-23,18.775850344420967,18.97959515132975,18.752342305517974,18.956087112426758,4574100
2016-11-25,18.94825040349665,19.089304614089297,18.932577381283764,19.03445053100586,2605100
2016-11-28,19.003105470858944,19.13632317724525,18.948251384934302,18.963924407958984,4544300
2016-11-29,18.963925872412073,19.120651630776507,18.93257982394207,18.94041633605957,5566100
2016-11-30,18.979598713936255,19.16767053377102,18.791526894101494,18.83070945739746,7854200
2016-12-01,18.83070902039706,18.90907115584654,18.399709802115286,18.438892364501953,8877100
2016-12-02,18.446726216834964,18.59561544844767,18.431053194140453,18.454561233520508,5690900
2016-12-05,18.548599924585076,18.775852800119313,18.50158234596797,18.517253875732422,8595900
2016-12-06,18.493745682119034,18.822871719063915,18.485909169970125,18.799362182617188,5312900
2016-12-07,18.807200031597738,19.28521684402601,18.78369049347993,19.261707305908203,7055900
2016-12-08,19.496793746948242,19.86510231487266,19.46544919554759,19.496793746948242,11903500
2016-12-09,19.449781399718553,19.528145041273323,19.13632832816163,19.246036529541016,11681900
2016-12-12,19.199010892278405,19.253864969967644,18.96392156084981,19.05795669555664,7961700
2016-12-13,19.10497489147975,19.230357566316584,19.057957322579416,19.167665481567383,9691700
2016-12-14,19.15983332871933,19.29305103939518,19.05012365867571,19.073633193969727,7254600
2016-12-15,19.05012386367182,19.19901459947921,18.940415687109432,18.995269775390625,9801900
2016-12-16,19.01877788007287,19.222522688832854,18.995268346294594,19.042285919189453,16791000
2016-12-19,19.050123319559685,19.3165587361685,19.050123319559685,19.089305877685547,5386100
2016-12-20,19.128484676167023,19.355739002402807,19.128484676167023,19.26953887939453,5466200
2016-12-21,19.238197035256146,19.54381504050271,19.222525505102972,19.45761489868164,4796800
2016-12-22,19.371410816680342,19.50462851118804,19.324393246460453,19.394920349121094,8180500
2016-12-23,19.394920011482593,19.434101070206815,19.32439291004973,19.410593032836914,3799600
2016-12-27,19.371419105149513,19.590837017827592,19.371419105149513,19.543819427490234,3399000
2016-12-28,19.57515663284096,19.637847227951404,19.120649444624842,19.159832000732422,5109800
2016-12-29,19.159833124229863,19.28521432180287,19.10497754246262,19.151996612548828,4575200
2016-12-30,19.20684963320699,19.261703717266723,18.96392376323031,19.01877784729004,4422500
2017-01-03,19.120649537122016,19.222522688832854,18.901233200504876,19.042285919189453,6855300
2017-01-04,19.10497489147975,19.30871968292995,19.10497489147975,19.167665481567383,6486400
2017-01-05,19.097142284213955,19.347904676192414,19.042286703139634,19.05012321472168,7228500
2017-01-06,19.10497578130416,19.30872058224388,19.034450171999673,19.214685440063477,5554100
2017-01-09,19.26953941341118,19.387084087804425,19.167666266185176,19.17550277709961,6682500
2017-01-10,19.214688812514872,19.410597136880657,19.12848867150212,19.191179275512695,7040700
2017-01-11,19.151996240429902,19.387085607646114,19.136323217372357,19.332231521606445,4988600
2017-01-12,19.293051756787072,19.30872328623736,18.94825269962945,19.222524642944336,4506300
2017-01-13,19.27737281717149,19.481117584122003,19.23819026891482,19.465444564819336,3849600
2017-01-17,19.355740215056105,19.355740215056105,18.909068045297413,18.956087112426758,6138500
2017-01-18,19.042291659363478,19.2617095567844,19.003110585917167,19.246036529541016,5860700
2017-01-19,19.24603594155798,19.34790912086551,19.089310157898698,19.136327743530273,4544400
2017-01-20,19.230353660786307,19.535970038562596,19.230353660786307,19.42626190185547,6958800
2017-01-23,19.426266054191238,19.52813770367116,19.30088337801825,19.410593032836914,10441100
2017-01-24,19.771066022549817,20.554699252088803,19.316558809203674,20.515518188476562,21332600
2017-01-25,20.484170741562078,21.15025924006885,20.484170741562078,20.907333374023438,14941800
2017-01-26,20.852479042350552,20.946514185335786,20.515516541553232,20.80545997619629,12557100
2017-01-27,20.774115674322086,21.11891469025412,20.74276962984569,20.907333374023438,8603800
2017-01-30,20.82896931277455,20.89165990572717,20.640897533916693,20.88382339477539,9411300
2017-01-31,20.8994999715473,20.90733648383202,20.52335634985201,20.758445739746094,8965200
2017-02-01,20.601724093222366,20.75844988623703,20.350960134006964,20.539031982421875,9607400
2017-02-02,20.492013513511285,20.68792186735874,20.405814854188648,20.67224884033203,5987200
2017-02-03,20.742769327496898,21.00136821201114,20.727097800148798,20.946514129638672,7144100
2017-02-06,20.84464471229303,20.962189400654054,20.774117600344052,20.930843353271484,5171700
2017-02-07,20.946509670319752,21.032709778360505,20.813292000921006,20.836801528930664,5555200
2017-02-08,20.84464509341915,20.860318117397004,20.734935420236017,20.750608444213867,4848100
2017-02-09,20.750605203138456,21.056223144324218,20.750605203138456,21.001367568969727,6048300
2017-02-10,21.001370092831216,21.040552651364656,20.860317366096165,20.92300796508789,5809600
2017-02-13,20.781951882521266,21.095404849407977,20.617388140742214,20.946514129638672,7050700
2017-02-14,20.930840507340736,21.346166610717773,20.907332469661963,21.346166610717773,8983600
2017-02-15,21.275635194622073,21.549907037670135,21.267798685430837,21.44019889831543,7288000
2017-02-16,21.471551640010443,21.847695256864313,21.455878615642728,21.7144775390625,9934900
2017-02-17,21.65178455792029,21.683130603212522,21.42453170819846,21.667457580566406,4456100
2017-02-21,21.675294230479263,21.855529508076867,21.675294230479263,21.730148315429688,6207100
2017-02-22,21.636112050349247,21.816347318634193,21.620439028412736,21.73798370361328,7972400
2017-02-23,21.737987598245102,21.80851471493357,21.526406248179697,21.596933364868164,5658600
2017-02-24,21.490548421188112,21.86093869738975,21.372338886495314,21.853057861328125,5298000
2017-02-27,21.726959567836822,21.860930725800277,21.600869243061243,21.79000473022461,5252400
2017-02-28,21.711198885448447,21.80576738487375,21.585108554958246,21.75848388671875,9030600
2017-03-01,21.955495986485438,22.34952856913958,21.947615154458553,22.223438262939453,8173600
2017-03-02,22.16040283829336,22.199805512610606,21.96338646047577,21.97126579284668,4837300
2017-03-03,21.908220612069677,22.08159598654319,21.8845796087256,21.97126579284668,4704300
2017-03-06,21.860934551213948,21.90821805550005,21.758486708074802,21.845172882080078,5651800
2017-03-07,21.86881538578088,21.93974139376779,21.79000854322704,21.845172882080078,5256100
2017-03-08,21.916092540617917,21.971256863488954,21.719076242869892,21.766361236572266,4986400
2017-03-09,21.797887136558632,21.853051469739732,21.67967763643979,21.726961135864258,4568400
2017-03-10,21.742726291073083,21.908219317162704,21.67968111402243,21.719083786010742,5828200
2017-03-13,21.742724710386092,21.868815055320685,21.711201372594704,21.837291717529297,4072800
2017-03-14,21.451138779647817,21.459019613703067,21.120151264904425,21.159555435180664,8447700
2017-03-15,21.27776971472144,21.60087646791795,21.254127207250082,21.45902442932129,6139000
2017-03-16,21.608749370126574,21.663913697523846,21.466897383610625,21.49842071533203,4882000
2017-03-17,21.5141852833235,21.52206611786753,21.41173744048208,21.466901779174805,9728500
2017-03-20,21.522069602299432,21.703325819926622,21.47478609049552,21.514188766479492,4685200
2017-03-21,21.600872294741542,21.813650311528928,21.11227259298768,21.175317764282227,6172200
2017-03-22,21.175315964227362,21.63239379303676,21.175315964227362,21.553586959838867,5619900
2017-03-23,21.53783258838171,21.71908731395504,21.498429909993014,21.545713424682617,5355400
2017-03-24,21.624516451855882,21.73484513428229,21.482664429813042,21.600873947143555,4461900
2017-03-27,21.364454912482525,21.656038288356758,21.167438549226482,21.600873947143555,4429600
2017-03-28,21.5929931041736,21.81365197205955,21.522067093178674,21.71120262145996,4867700
2017-03-29,21.671799954107026,21.7506068000178,21.59299310819625,21.656038284301758,3466600
2017-03-30,21.616635936971775,21.955504327287386,21.616635936971775,21.719083786010742,5689400
2017-03-31,21.529945955315878,21.569350126211148,21.159555767592895,21.27776527404785,9246300
2017-04-03,21.33292701802902,21.42749551357126,20.97041770853348,21.15167236328125,7317300
2017-04-04,21.143794096169465,21.32504877291515,21.08862976003951,21.112272262573242,3849200
2017-04-05,21.277764601753475,21.411735772333575,21.009822260593275,21.041345596313477,5351600
2017-04-06,21.041351633653942,21.262009034546494,20.95466393866569,21.10439682006836,4406900
2017-04-07,21.057114282762235,21.23048969315671,21.03347327452007,21.128040313720703,4338800
2017-04-10,21.12803242781364,21.309288607674752,21.009822921375818,21.112272262573242,4847600
2017-04-11,21.096510265854082,21.1989581023415,20.95465825909043,21.159555435180664,4397600
2017-04-12,21.2935294038047,21.332932076139247,20.797047314942056,20.86797332763672,5306000
2017-04-13,20.84433359084137,21.00982662843147,20.741884231567383,20.741884231567383,4005100
2017-04-17,20.836447759222704,20.962538091853055,20.797043590828636,20.915254592895508,3965200
2017-04-18,20.867967734820382,21.506301677992706,20.82856507304613,21.19107437133789,12790000
2017-04-19,21.27776718928681,21.451141047485322,21.064989156646206,21.167438507080078,6028900
2017-04-20,21.25411839469202,21.451134699250915,21.19895406991395,21.36444854736328,7306200
2017-04-21,21.32505134790051,21.395977360950553,21.143796649268438,21.293529510498047,6434100
2017-04-24,21.577234647921017,21.782131876520474,21.498429293403813,21.687564849853516,9714200
2017-04-25,22.152519942100827,22.64111967189239,21.94762274785692,22.49138832092285,13817000
2017-04-26,22.562310169816726,22.562310169816726,22.22344333402599,22.3731746673584,7572800
2017-04-27,22.42834169529531,22.91694292934395,22.420462363638954,22.869659423828125,10145200
2017-04-28,22.84601593166426,22.853896766095392,22.672642083525798,22.735687255859375,7707000
2017-05-01,22.79873027525662,22.995746608083774,22.719923441502694,22.940582275390625,5814000
2017-05-02,22.948466268431524,22.97998810440356,22.767210074909045,22.869659423828125,6626400
2017-05-03,22.73568276766573,22.79872792755372,22.601711615014356,22.664756774902344,5461300
2017-05-04,22.680526395285142,22.82237692744729,22.641122217088125,22.72780990600586,3933200
2017-05-05,22.782970428466797,22.86965810283485,22.664760919947465,22.782970428466797,7926300
2017-05-08,22.822377292853712,23.05091702070842,22.743571941429344,22.948469161987305,5684100
2017-05-09,22.940587009724148,23.082439039132677,22.853899324393236,22.91694450378418,6323500
2017-05-10,22.869656275323624,22.956342439649145,22.775087774195843,22.940582275390625,3903600
2017-05-11,22.82237176860264,22.92482110564119,22.5701910976083,22.69628143310547,5360000
2017-05-12,23.027270611988843,23.05091311527993,22.71992558478206,22.901180267333984,6332700
2017-05-15,22.956346570245575,23.271573961980987,22.94846723825623,23.11396026611328,5839200
2017-05-16,23.192765270292746,23.421303457705665,23.090315925188467,23.326736450195312,9531600
2017-05-17,23.32673983724397,23.32673983724397,22.562315316110656,22.5701961517334,6318900
2017-05-18,22.530789742681723,22.79873209698577,22.325892559795367,22.67264175415039,5567600
2017-05-19,22.853900242446667,23.01151394881327,22.743571549859467,22.89330291748047,4705800
2017-05-22,23.003630924681165,23.129721276532276,22.869659737949913,23.09819793701172,4761400
2017-05-23,23.121836945333463,23.21640394336427,22.89329727771423,22.995746612548828,5759200
2017-05-24,23.09819411181782,23.12971744611793,22.89329694821302,22.987865447998047,4273600
2017-05-25,23.050912276410617,23.37401896071962,22.97998627223397,23.30309295654297,7902800
2017-05-26,23.275367745726353,23.378356947705633,23.196147142402168,23.211990356445312,3387400
2017-05-30,23.164457313293845,23.330823901832556,23.148612588473753,23.227834701538086,5911100
2017-05-31,23.243677144234006,23.330821611152313,23.021855551640115,23.053544998168945,6045500
2017-06-01,23.16445014195106,23.505104064941406,23.156527781993653,23.505104064941406,6385300
2017-06-02,23.5367992531944,23.68732111673936,23.433811564054874,23.52095603942871,5419100
2017-06-05,23.608099790046396,23.663556328699745,23.3862796795777,23.402124404907227,5262400
2017-06-06,23.30705185801917,23.576406078534138,23.28328477584345,23.425884246826172,5465800
2017-06-07,23.481341172283848,23.513030617764382,23.172376634028303,23.36250877380371,6028700
2017-06-08,23.362512222626336,23.410044886828075,23.132769753121128,23.211990356445312,8361000
2017-06-09,23.211990405286464,23.425889661198596,22.697048927415004,22.934715270996094,8758400
2017-06-12,22.910946263560685,23.037701031768364,22.475226936726287,23.0218563079834,6903800
2017-06-13,23.299132536319142,23.378354642869088,23.07731094018649,23.291210174560547,4799500
2017-06-14,23.299135228097352,23.370434981126053,23.05354802935192,23.172380447387695,4120000
2017-06-15,22.91886936312117,23.322900766425843,22.91886936312117,23.283288955688477,6634900
2017-06-16,23.3070537548026,23.36250877335654,23.013932428257,23.299131393432617,6631900
2017-06-19,23.44173578776075,23.68732299754428,23.402125483647236,23.671478271484375,6620200
2017-06-20,23.60809172231642,23.742768819521075,23.497181704983994,23.505104064941406,3877400
2017-06-21,23.623939133004622,23.64770621558393,23.45757408805696,23.576406478881836,4996900
2017-06-22,23.576408377312706,23.608096312267545,23.41796416943066,23.53679656982422,4039700
2017-06-23,23.560568577449597,23.766545486322073,23.52888063587336,23.758623123168945,7550300
2017-06-26,23.75861740542725,24.091349022602117,23.750695044180716,23.948749542236328,5814500
2017-06-27,23.909145001005808,24.03589978938329,23.758623123168945,23.758623123168945,6225400
2017-06-28,23.980443162076153,24.24187508458188,23.79031099216618,24.16265296936035,5936900
2017-06-29,24.202261757820143,24.226028844211037,23.726932118290875,24.059663772583008,8850400
2017-06-30,24.099275624658038,24.099275624658038,23.734854498368943,23.806154251098633,8881400
2017-07-03,23.964598472082663,24.012131136871048,23.821998966681342,23.869531631469727,3348200
2017-07-05,23.964597679240256,24.257719042982725,23.853687628057976,24.15472984313965,5984100
2017-07-06,24.012127297609087,24.107194123021937,23.576407999470355,23.616018295288086,6236500
2017-07-07,23.67148048140002,24.067589603659997,23.64771490112771,23.98836898803711,4356800
2017-07-10,23.901218411507994,24.24187241167477,23.861608113782744,24.194339752197266,3462500
2017-07-11,24.210181040411708,24.30524786284669,23.956671528632928,24.027971267700195,4863500
2017-07-12,24.17849426206984,24.519148251435563,24.17849426206984,24.439926147460938,5353100
2017-07-13,24.416162490844727,24.534994907972067,24.313174798944008,24.416162490844727,4187100
2017-07-14,24.416165112040915,24.701364152592994,24.416165112040915,24.614219665527344,3921100
2017-07-17,24.70927583035034,24.891485578111197,24.653820821121872,24.81226348876953,4361600
2017-07-18,24.796423344597653,24.883567810058594,24.66174622117436,24.883567810058594,3866900
2017-07-19,24.891492057932613,25.15292396309181,24.891492057932613,25.1370792388916,5471000
2017-07-20,24.89149243357298,25.168769067116802,24.54291605108829,25.121234893798828,11737300
2017-07-21,25.081621560203292,25.39850996651889,25.057854476418846,25.23214340209961,12130200
2017-07-24,25.23214340209961,25.406430816744464,25.07369919894181,25.23214340209961,8119700
2017-07-25,25.271756739221484,25.485654474883766,25.113314028028537,25.453968048095703,9552300
2017-07-26,24.986558582385477,25.145001289315452,23.77446439474272,24.099273681640625,16073300
2017-07-27,24.09927175983087,24.21810415831101,23.108999254103168,23.36250877380371,15722400
2017-07-28,23.3545902557783,23.386279706473804,23.093158331685117,23.172380447387695,9132100
2017-07-31,23.31497572376074,23.43380812023855,22.990166468237973,23.08523178100586,9434700
2017-08-01,23.18029748864171,23.47341728510373,23.093153030270702,23.386274337768555,8018200
2017-08-02,23.505109405911416,23.861608129822326,23.410042575856504,23.584331512451172,9899800
2017-08-03,23.560565604190284,23.60809826607432,23.061468876817706,23.19614601135254,10426900
2017-08-04,23.267447288438024,23.370434981126053,23.132770145054497,23.172380447387695,4880000
2017-08-07,23.211991895869744,23.24368134812999,23.0773147458362,23.164459228515625,4967600
2017-08-08,23.101080302962536,23.473422276109115,23.06939236384009,23.211990356445312,5799700
2017-08-09,23.10899963791435,23.330821226854468,23.085232553409213,23.259521484375,4786500
2017-08-10,23.12484279477695,23.2595199091131,22.625744631222332,22.6336669921875,6846800
2017-08-11,22.712899300832287,23.06939814934093,22.712899300832287,22.958486557006836,3743600
2017-08-14,23.21198692939875,23.378353496096505,23.148609549474827,23.299131393432617,3735100
2017-08-15,22.594052875993793,22.8871726269365,22.39599841847849,22.57028579711914,12248700
2017-08-16,22.65743714483399,22.78419191537839,22.435615540863267,22.538604736328125,7186000
2017-08-17,22.411856193581013,22.58614367375148,22.063279722203603,22.079124450683594,7107000
2017-08-18,22.039507284633522,22.2930168346883,21.952362810163653,22.087039947509766,5178000
2017-08-21,22.102886167789837,22.380162823563353,22.015743198459347,22.332630157470703,5138400
2017-08-22,22.396004854755837,22.65743675336623,22.396004854755837,22.578214645385742,5140600
2017-08-23,22.37224381839649,22.649520515784456,22.340555873257646,22.562376022338867,4000800
2017-08-24,22.601976389565756,22.69704168784674,22.52275430030782,22.625741958618164,6384500
2017-08-25,22.665355299626704,22.855487420150116,22.64951057849081,22.704965591430664,3299900
2017-08-28,22.768342596015373,22.90301970141671,22.712887583974073,22.78418731689453,4009200
2017-08-29,22.597012075431525,22.820034127236603,22.509395401237366,22.75631332397461,4724100
2017-08-30,22.74038284531485,22.859860681287604,22.636837109258764,22.812068939208984,4876700
2017-08-31,22.92358057395635,23.019161015868068,22.88375412380669,22.907649993896484,4451400
2017-09-01,22.955442122601248,23.178465704302877,22.94747683190935,23.027128219604492,6641300
2017-09-05,22.97933395209272,23.019158879322255,22.52532309709219,22.7961368560791,5801700
2017-09-06,22.875791353468014,22.94747745240965,22.740384446492023,22.764280319213867,4860200
2017-09-07,22.81207244002655,22.955444649817203,22.78021279297531,22.883758544921875,5742000
2017-09-08,22.756310501699065,22.875786803094673,22.581078694267074,22.7324161529541,4572000
2017-09-11,22.955441920501226,23.11474469448901,22.891721114750883,23.035093307495117,4120900
2017-09-12,23.07491624131371,23.24218429142496,23.066950951382342,23.21828842163086,3645200
2017-09-13,23.226252702742393,23.34572900807606,23.09084581823793,23.258113861083984,3881800
2017-09-14,23.178464890151602,23.369627302370986,23.178464890151602,23.297941207885742,3852700
2017-09-15,23.242187087465357,23.441314802033464,23.21032592390699,23.377593994140625,7749100
2017-09-18,23.465208339162558,23.6484069848022,23.425383405323938,23.5289306640625,3316900
2017-09-19,23.528928874538405,23.990905060359857,23.520963584531724,23.823637008666992,4612900
2017-09-20,23.88736071415078,24.01480233130687,23.743988515044197,23.919221878051758,4264000
2017-09-21,23.919218169630366,24.006833318326436,23.8714264311885,23.974973678588867,4503000
2017-09-22,23.927184468283308,24.094451002211763,23.823637216516772,23.935148239135742,4278900
2017-09-25,23.95107619622405,24.190030314668405,23.751948523798877,23.90328598022461,7358100
2017-09-26,24.022769068478734,24.022769068478734,23.69619971495343,23.743989944458008,5232700
2017-09-27,23.823637804272586,24.046661374236507,23.7360211304968,23.92718505859375,3584900
2017-09-28,23.871426420479292,23.935147219149517,23.736019533402104,23.855497360229492,4452200
2017-09-29,23.823634899907354,23.90328627370007,23.68026273092519,23.831600189208984,4064500
2017-10-02,23.847534280504867,24.038696694231053,23.80770782813036,24.02276611328125,4085500
2017-10-03,24.06258724400486,24.166134484591982,23.9431109442089,24.14223861694336,2915400
2017-10-04,24.110380692568736,24.317473669235284,24.078519533439874,24.269681930541992,3679000
2017-10-05,24.32543975326625,24.373229974296255,24.213927211897925,24.253753662109375,4882700
2017-10-06,24.19003599782892,24.205965060755364,23.90329159601795,23.967012405395508,4632900
2017-10-09,23.982940471479207,24.054626564411315,23.911254378547103,23.99090576171875,3133700
2017-10-10,23.982942686629805,24.006837040331625,23.616546897888103,23.919221878051758,5118600
2017-10-11,23.919223208213804,23.967013437499002,23.73602454404321,23.807710647583008,3829900
2017-10-12,23.608578135885253,23.90328778174427,23.51299769668276,23.847532272338867,6266900
2017-10-13,23.86345849702666,23.88735436359958,23.55281982769624,23.6882266998291,5989500
2017-10-16,23.791781583970607,23.9510828546626,23.72806077184901,23.807710647583008,3405300
2017-10-17,23.720091571228476,23.73602063221568,23.61654431908104,23.632474899291992,3728900
2017-10-18,23.68822802022682,23.871425116493544,23.624507225037366,23.831600189208984,4052300
2017-10-19,23.73602412616833,23.951082433001602,23.664338023890576,23.943117141723633,3484200
2017-10-20,24.03073382655733,24.198000385722782,23.895326913279785,23.943117141723633,6756600
2017-10-23,24.014796990631165,24.22985524146401,23.863459534205433,23.90328598022461,12616200
2017-10-24,24.37322731612884,25.735261380340972,24.134273198591913,25.4405517578125,24151100
2017-10-25,25.209567214238763,25.35293940528472,24.755556288742454,25.121952056884766,10872200
2017-10-26,25.121951854172,25.440555876578912,25.11398656370885,25.249393463134766,5888900
2017-10-27,25.289221134705965,25.456487694873363,25.09009340923584,25.098058700561523,5726600
2017-10-30,25.090082409541427,25.169733768654474,24.84316456359196,24.8989200592041,4668400
2017-10-31,25.090092526817863,25.129917462821656,24.890964808351054,24.93875503540039,5235100
2017-11-01,25.12991513730804,25.289217905029233,24.986544469427507,25.193635940551758,5163000
2017-11-02,25.193635432614116,25.23346188335335,25.002473026737043,25.153810501098633,3699200
2017-11-03,25.18567326541152,25.40073003620232,25.177707974756473,25.22549819946289,3251900
2017-11-06,25.161780772851955,25.392768155976086,25.153815481127115,25.36090850830078,4119900
2017-11-07,25.337010001101643,25.687475204467773,25.313115647633342,25.687475204467773,6206900
2017-11-08,25.639676833009712,25.75119087675469,25.488340902740614,25.66357421875,4536900
2017-11-09,25.48834195430091,25.48834195430091,25.121947767935147,25.321075439453125,5902200
2017-11-10,25.161773896882394,25.384797446559997,25.14584331778607,25.273284912109375,3346100
2017-11-13,25.161773789499456,25.30514596230721,25.129912631442785,25.217529296875,3219000
2017-11-14,25.153811496800785,25.321079558079298,25.01043930691172,25.249393463134766,3067900
2017-11-15,25.085299014386916,25.197357933789082,24.87718850214841,25.069290161132812,3601200
2017-11-16,25.149343470906764,25.453504177131144,25.133334610924187,25.33344078063965,4753400
2017-11-17,25.245391781803516,25.453500827434066,25.205369637114014,25.317428588867188,3418600
2017-11-20,25.33343086402155,25.477507494088986,25.301414683277855,25.397464752197266,2720800
2017-11-21,25.501528581222857,25.581569820928586,25.413481385520015,25.557558059692383,5739200
2017-11-22,25.57357140372121,25.68563038031456,25.429494704278873,25.453506469726562,3092300
2017-11-24,25.557556548033393,25.589572736684257,25.34944597839234,25.49352264404297,1968900
2017-11-27,25.43749483619112,25.677623136910974,25.373460928003585,25.653608322143555,6402400
2017-11-28,25.693622483677675,26.12585240031102,25.653601873628695,25.96576690673828,6798200
2017-11-29,26.037810000321503,26.189892621120176,25.7896803404961,25.99778938293457,6212100
2017-11-30,26.077839106967826,26.237921609884477,25.901744689705883,25.925756454467773,10616700
2017-12-01,25.92575111430616,26.037810064617226,24.97324698328468,25.49352264404297,6243600
2017-12-04,25.677618541063875,25.9337541279702,25.645600829356326,25.78167152404785,6656700
2017-12-05,25.78167404521465,25.925750708610718,25.67762105205543,25.805688858032227,4383400
2017-12-06,25.72564045738658,25.813687632425072,25.32542824603115,25.349441528320312,5297600
2017-12-07,25.341435290879556,25.5495458091227,25.309419110135856,25.397464752197266,4459900
2017-12-08,25.50152952186662,25.90974474482728,25.445500041330405,25.893735885620117,4271400
2017-12-11,25.933755424603856,26.213902782609104,25.933755424603856,26.069826126098633,4752700
2017-12-12,25.99778859574928,26.269933060468503,25.901738506253466,26.125856399536133,4908400
2017-12-13,26.10184445277743,26.125856211634364,25.837702891842074,25.8457088470459,5255000
2017-12-14,25.813695072210926,25.909745175673386,25.453503367504528,25.46150779724121,6568700
2017-12-15,25.6055832726751,25.693628942252463,25.46951102694049,25.653608322143555,13376300
2017-12-18,25.829697938926394,25.973774587381676,25.7736684704579,25.869718551635742,5104400
2017-12-19,25.91774847475065,26.01379856836509,25.805689523304235,25.82169532775879,3612700
2017-12-20,25.925750585034574,25.989786014406416,25.797682779668214,25.94976234436035,2781200
2017-12-21,26.109843838450246,26.149864448948076,25.845705366463093,25.853708267211914,2921400
2017-12-22,25.90174245267121,25.98178369721668,25.845712970813832,25.91775131225586,2392700
2017-12-26,25.877730689983125,25.933760171840504,25.813695251644543,25.91775131225586,2861300
2017-12-27,25.93375956032686,25.98178308457065,25.78167692454769,25.893735885620117,1689300
2017-12-28,25.98177605283108,26.037805518203413,25.797678801839584,25.853708267211914,2683700
2017-12-29,25.89373308468449,25.92575079963544,25.5975768548316,25.605581283569336,3138100
2018-01-02,25.869719377810497,26.17388154019392,25.789678149835602,26.109846115112305,6127200
2018-01-03,26.061831807005763,26.76620341148669,26.061831807005763,26.750194549560547,5716200
2018-01-04,26.84624370440574,27.038343912021144,26.750190547220292,27.022335052490234,5908200
2018-01-05,27.062347066635915,27.12637942378977,26.822217330523763,26.926273345947266,6174600
2018-01-08,26.92628223756853,27.054350047543345,26.75018785383662,27.030338287353516,4827900
2018-01-09,27.022332162840666,27.150399972015173,26.934288024902344,26.934288024902344,5149900
2018-01-10,26.838234553852278,26.958299459355928,26.654137271223426,26.678152084350586,4216800
2018-01-11,26.7661994067512,27.030341008944564,26.7661994067512,27.022335052490234,3611500
2018-01-12,27.05435206788361,27.766729504902877,27.05435206788361,27.742717742919922,6589000
2018-01-16,27.774726339927167,27.846764655596314,27.374514153626706,27.5426025390625,9858800
2018-01-17,27.70268793386075,28.01485294961621,27.654661372445812,27.878782272338867,4195500
2018-01-18,27.83076589353741,28.070892681715453,27.782739314550692,27.894798278808594,5945300
2018-01-19,28.054882862209023,28.094903483306506,27.654670544478858,27.742717742919922,5832600
2018-01-22,27.742717111746618,27.80675254674786,27.57462867493476,27.782737731933594,5120800
2018-01-23,27.782733886790997,27.87878702599906,27.646663186312004,27.66267204284668,6272000
2018-01-24,27.750720686668547,27.838767885239314,27.15840816544685,27.310487747192383,5877500
2018-01-25,27.48658101170983,27.49458391426028,26.98231265646033,27.06235694885254,4523500
2018-01-26,27.190422708604842,27.518596649169922,27.094369564992636,27.518596649169922,6445400
2018-01-29,27.518597292497347,27.68668571768229,27.318491152026496,27.414541244506836,6526900
2018-01-30,25.861718650928424,26.35798102353032,24.96524247135754,25.877727508544922,16979200
2018-01-31,26.0057970582565,26.03781172225681,24.877196947706313,24.989255905151367,15339200
2018-02-01,24.84518181867763,25.573568126572773,24.621062367521873,25.36545753479004,8963100
2018-02-02,25.133331129590236,25.3094255116291,25.00526332084672,25.037281036376953,6868000
2018-02-05,24.79715769828783,25.12533171451695,23.820640080080324,23.83664894104004,11270300
2018-02-06,23.30836230658914,24.100782385010742,23.1722900793841,23.852649688720703,17326800
2018-02-07,23.74059216654769,24.332906153730253,23.69256712074604,23.86865997314453,11510800
2018-02-08,23.868662265248094,23.908684412833352,22.77208137512207,22.77208137512207,9669300
2018-02-09,23.012206550406574,23.25233331243098,22.267811450766708,23.028215408325195,12064200
2018-02-12,23.308362112291793,23.716577263815456,23.220314928749374,23.57250213623047,9879500
2018-02-13,23.492464239716632,23.58050991478051,23.308366933041658,23.404417037963867,5822400
2018-02-14,23.212315036613727,23.732590757958672,23.212315036613727,23.628536224365234,7435700
2018-02-15,23.88466945607658,23.908682742950546,23.508470455183428,23.644542694091797,7264500
2018-02-16,23.572499370769275,23.82863493645601,23.524472807186715,23.5885066986084,9889900
2018-02-20,23.55649496136471,23.89267333643768,23.54849053259051,23.732587814331055,8015000
2018-02-21,23.73258474132292,23.85264810401217,23.420419692993164,23.420419692993164,10319300
2018-02-22,23.47644940379088,23.644539334648798,23.268338860517918,23.38039779663086,7124300
2018-02-23,23.55649248357433,23.58050424068257,23.340377509469047,23.452436447143555,9050100
2018-02-26,23.57250821337493,23.964716136295266,23.54049049230929,23.87666893005371,10015400
2018-02-27,23.900824333517953,24.16656793612827,23.618974685668945,23.618974685668945,7724100
2018-02-28,23.699505619353747,23.83640394492768,23.409602921442556,23.41765594482422,6962200
2018-03-01,23.514289899670423,23.618976128201602,22.81369224856847,22.87006187438965,9279600
2018-03-02,22.725108457993212,23.256595647208037,22.628475261385223,23.19217300415039,6479400
2018-03-05,23.015011084465506,23.53039222813697,22.990852017372045,23.256595611572266,7102000
2018-03-06,23.417655114759572,23.60287003810117,23.35323246594697,23.51428985595703,5147400
2018-03-07,23.264651054622757,23.69145206860742,23.232440497770266,23.627029418945312,5193200
2018-03-08,23.715609421144066,23.788085088761154,23.465970327815423,23.618974685668945,5572600
2018-03-09,23.75587572346058,24.142411637788857,23.675347023986223,24.102148056030273,5930800
2018-03-12,24.118248603453065,24.239040857141852,24.021613878927937,24.029666900634766,4646100
2018-03-13,24.13435311090989,24.279304429719165,23.9491382195233,24.029666900634766,5989900
2018-03-14,24.118248329244835,24.15851190136438,23.683394377761,23.788082122802734,5325600
2018-03-15,23.836395088949107,23.941081282102147,23.691443793847526,23.780025482177734,6224300
2018-03-16,23.84445060936091,24.03771851110774,23.755868911743164,23.755868911743164,10013400
2018-03-19,23.602871564322832,23.659241193684224,23.063331269645314,23.264652252197266,7057500
2018-03-20,23.33712110203394,23.67534031522096,23.312963574207068,23.56260108947754,7784300
2018-03-21,23.554553156674885,23.85250886387958,23.457918416621254,23.651187896728516,7054100
2018-03-22,23.31296884560746,23.506236791706904,22.9989070892334,22.9989070892334,7008500
2018-03-23,22.99084624426986,23.063321891394327,22.33856695610623,22.370779037475586,5836800
2018-03-26,22.773427002083157,22.8297966237784,22.39494262334596,22.797584533691406,4902100
2018-03-27,22.821747962446697,22.886170618974727,22.249995541797784,22.338577270507812,6390900
2018-03-28,22.378838562904278,22.41910214036322,21.895667953611866,22.024513244628906,7078800
2018-03-29,22.1936205475933,22.68484414491858,22.153356972974507,22.451311111450195,5922300
2018-04-02,22.37078765706655,22.467420866494777,21.501081092426663,21.76682472229004,5985500
2018-04-03,21.84734773109674,22.064774714907657,21.67823887877061,22.032564163208008,5455700
2018-04-04,21.56550057077149,22.12919830537652,21.509129414949737,22.05672264099121,9690600
2018-04-05,22.25804759201806,22.338576293144104,22.05672660718155,22.113096237182617,5894900
2018-04-06,21.90372684813585,22.040625198535103,21.187022996771553,21.380290985107422,10279300
2018-04-09,21.565499724165406,21.919823473964918,21.476918018737088,21.50912857055664,7614700
2018-04-10,21.887611334159878,22.145301873847934,21.815135677878015,22.016456604003906,6108900
2018-04-11,21.83929679528161,22.24999017154973,21.815137728930633,22.07282829284668,5167900
2018-04-12,22.19362239225458,22.31441466210774,22.11309370036679,22.201675415039062,4381400
2018-04-13,22.31441454178566,22.36273267823202,22.000354334669478,22.080883026123047,5752600
2018-04-16,22.185567496940344,22.274149204136048,21.855401270428786,22.137250900268555,6121300
2018-04-17,22.274148713001562,22.443259101559388,22.19362002968626,22.34662437438965,5325400
2018-04-18,22.338570540231952,22.547944494856146,22.298306968016725,22.44325828552246,4496300
2018-04-19,22.314413674616763,22.362731809185416,22.15335783392551,22.241939544677734,5615100
2018-04-20,22.16141413563023,22.33052302377303,22.064779388150626,22.185571670532227,7209800
2018-04-23,22.20166952006614,22.491572119504617,22.008401632426036,22.145299911499023,7643500
2018-04-24,21.879563379205997,22.14530700178918,21.299759530649176,21.525238037109375,10746300
2018-04-25,21.525239558704932,21.839301342836382,21.219232334324577,21.790983200073242,7388200
2018-04-26,21.774873031048838,21.839295668704615,21.605762647229394,21.662132263183594,6022800
2018-04-27,21.76682158830351,22.00840611304791,21.64602778997436,21.92787742614746,5325000
2018-04-30,21.960089026456263,22.11309183860861,21.75876808166504,21.75876808166504,4730000
2018-05-01,21.654088833428712,21.68630093450377,21.42055724446462,21.597719192504883,5810500
2018-05-02,21.65408046508267,21.799031791988106,21.452759519037777,21.50107765197754,4644700
2018-05-03,21.428601094851473,21.4688646679985,21.02595921955374,21.39638900756836,6051900
2018-05-04,21.340018632570487,21.903717852341863,21.33196561103583,21.807083129882812,3495300
2018-05-07,21.847349437417137,21.871508505046403,21.694346616969455,21.710451126098633,3474900
2018-05-08,21.686293668716658,21.734610268183708,21.52523628921716,21.581605911254883,6888800
2018-05-09,21.702396921845914,21.89566483080721,21.61381522092152,21.807083129882812,3726100
2018-05-10,21.887612840667398,22.07282773682179,21.85540075301087,22.032564163208008,5231500
2018-05-11,22.064774464907714,22.580157109874563,22.04061693539591,22.547945022583008,10460400
2018-05-14,22.68484348693589,22.773425191676196,22.53183914309997,22.60431480407715,6977500
2018-05-15,22.50768233389751,22.580157997194686,22.18556759215144,22.322465896606445,5464000
2018-05-16,22.314413074223413,22.66873837174182,22.306361587968915,22.644580841064453,5606800
2018-05-17,22.531843073891277,22.62847781737155,22.330522099601417,22.41105079650879,6077100
2018-05-18,22.346627836612758,22.427156532404588,22.282205187170717,22.298311233520508,4398200
2018-05-21,22.48352631479341,22.58016105760604,22.266099295432827,22.35468101501465,3935700
2018-05-22,22.41104955861013,22.459366159702878,22.193622549757187,22.258045196533203,5792100
2018-05-23,22.088935313342766,22.36273193359375,22.064776245924037,22.36273193359375,5142200
2018-05-24,22.274151202242212,22.346626871729793,21.984248524291893,22.008407592773438,4583800
2018-05-25,21.94398758024204,22.032569306017223,21.686296962667583,21.790983200073242,4457500
2018-05-29,21.629931352614406,21.734617609479024,21.356134636559222,21.533296585083008,4769700
2018-05-30,21.711652296696872,21.711652296696872,21.265743659504327,21.363033294677734,5977600
2018-05-31,22.044056765404587,22.189990449374726,21.841371436860804,22.027841567993164,12693100
2018-06-01,22.117024339520302,22.7007575483576,22.076486344649833,22.660221099853516,7874500
2018-06-04,22.700754576127387,22.854795843733644,22.64400293710566,22.798044204711914,5417800
2018-06-05,22.927767646255486,23.1953122498731,22.903444847247876,23.16288185119629,7219200
2018-06-06,23.27638299003288,23.43853187561035,23.08180525515974,23.43853187561035,5648200
2018-06-07,23.41420785033988,23.511497485854935,23.203416475062145,23.35745620727539,4973700
2018-06-08,23.284490298649484,23.357457141612993,23.21152345568597,23.308813095092773,4040100
2018-06-11,23.284492881539386,23.43853418336825,23.25206402905077,23.38178253173828,3169600
2018-06-12,23.406101059490016,23.406101059490016,23.05748206724952,23.18720054626465,3158200
2018-06-13,23.21152179460108,23.25205978577221,23.073695717351725,23.18720054626465,3655800
2018-06-14,23.26827775914768,23.470963100093684,23.17909571429418,23.422317504882812,3686700
2018-06-15,23.325028052926307,23.592572625586545,23.016945486610673,23.58446502685547,15144500
2018-06-18,23.28449069622867,23.438531983600356,23.057484111013956,23.406103134155273,5320000
2018-06-19,23.008834838867188,23.106124464381473,22.749397899317277,23.008834838867188,5830200
2018-06-20,23.146665286927405,23.16288048530962,22.952087545440108,23.01694679260254,3618200
2018-06-21,23.268276854129514,23.308813302195478,22.895335037183873,22.93587303161621,3925700
2018-06-22,23.243952322571605,23.243952322571605,22.94397737162754,23.098018646240234,11582600
2018-06-25,22.943979622614393,22.99262521707487,22.295387160138738,22.481857299804688,6465800
2018-06-26,22.481857948953788,22.571039995006664,22.384569849956513,22.457536697387695,3567500
2018-06-27,22.49806683280251,22.67642932847891,22.295381546020508,22.295381546020508,3792200
2018-06-28,22.18998712119452,22.24673875725623,21.78461652490673,21.88190460205078,8921900
2018-06-29,21.954874490974017,22.51428642474875,21.9467668923551,22.30349349975586,6459400
2018-07-02,22.092698884638097,22.473746712378556,22.068376090642076,22.465639114379883,6910000
2018-07-03,22.579143424368922,22.603464671443334,22.14945001844907,22.17377281188965,2625900
2018-07-05,22.27106613079456,22.6683292388916,22.262958531074226,22.6683292388916,4493300
2018-07-06,22.619680322038157,22.943976509271174,22.571036280544757,22.806150436401367,3937500
2018-07-09,23.049373338096835,23.53581838371924,22.98451410177159,23.51149559020996,5496600
2018-07-10,23.106130178813764,23.503393284043423,22.81426277645462,23.470964431762695,5116700
2018-07-11,23.138558654415107,23.243954348526184,22.87912012589863,22.911550521850586,4300600
2018-07-12,23.106127618587752,23.308812948575365,23.08991242106082,23.243953704833984,3622400
2018-07-13,23.235844784735978,23.462852898104895,23.203415937892565,23.349348068237305,2668900
2018-07-16,23.373670666553114,23.406101059490016,23.154770153327743,23.18720054626465,3657700
2018-07-17,23.14666330852546,23.76282687708678,23.089911665404838,23.665538787841797,4893400
2018-07-18,23.633108017375186,23.93308297156228,23.568248776789634,23.876331329345703,5626100
2018-07-19,23.803366534800556,23.90065463085157,23.70607689238314,23.787151336669922,3998500
2018-07-20,23.6736448667279,23.762825351750255,23.592570433317054,23.60878562927246,3263000
2018-07-23,23.592576559041397,23.84390597614219,23.495286904414243,23.803369522094727,4289200
2018-07-24,23.949299727371187,24.541140529538254,23.90065413399055,24.18441390991211,10904000
2018-07-25,25.076229612042347,27.005794845540798,25.051906815423564,26.924718856811523,20616900
2018-07-26,26.624747548902178,27.37873729405009,26.551780699606155,27.265233993530273,9467700
2018-07-27,27.281446596731215,27.41927113632468,26.981470082205398,27.192264556884766,7449100
2018-07-30,27.321979413507396,27.686813576793686,26.66527791959207,26.705814361572266,8527800
2018-07-31,26.68150150230824,27.038226633696304,26.65718024802115,26.900402069091797,4571700
2018-08-01,26.786892719542013,27.022008433753427,26.405843327043005,26.673389434814453,4928000
2018-08-02,26.535558136484436,26.786889012695983,26.397733622025676,26.584203720092773,4671700
2018-08-03,26.72203441963469,26.795001265570036,26.462597432471853,26.624746322631836,6315100
2018-08-06,26.495023007635897,26.811211584906587,26.454486565655703,26.705814361572266,4047100
2018-08-07,26.835539335833676,26.900400132908494,26.730145179686637,26.803112030029297,6267600
2018-08-08,26.827431266649416,27.15172904218847,26.70581882763907,26.989580154418945,5898400
2018-08-09,26.932827963930166,27.176049744308266,26.770679079433858,26.827430725097656,3304100
2018-08-10,26.665285737939605,26.76257384576371,26.503136829743976,26.543676376342773,3838700
2018-08-13,26.640954246646636,26.762563561511744,26.34908694259919,26.357192993164062,3927600
2018-08-14,26.381527397905764,26.592318813085615,26.37341825151432,26.519351959228516,3607900
2018-08-15,26.324770288867246,26.389627982892566,26.00047254054303,26.243694305419922,4836300
2018-08-16,26.26801553800998,26.70581342588215,26.22747600471789,26.52745246887207,3833400
2018-08-17,26.649065136845653,26.8193231569479,26.535561851932528,26.77067756652832,3127200
2018-08-20,26.83553590960373,26.924717947828768,26.632850583722334,26.746356964111328,3060200
2018-08-21,26.762565377544757,26.803104911316023,26.632846910580447,26.65717124938965,3156400
2018-08-22,26.68960445458574,26.778786500252306,26.59231635600989,26.665283203125,3867700
2018-08-23,26.665279778482027,26.794998257500943,26.543670444063817,26.60852813720703,2971300
2018-08-24,26.649067859505138,26.843647148330508,26.47070686187583,26.754465103149414,3210800
2018-08-27,26.867968461332413,27.484133633416384,26.827432011447833,27.257123947143555,4790500
2018-08-28,27.330095044378343,27.43549230465583,27.13551881757891,27.297664642333984,3821900
2018-08-29,27.297662653239616,27.5652088115103,27.216589746769607,27.411169052124023,3880000
2018-08-30,27.337811405269846,27.598637018509425,27.21554803875092,27.2807559967041,3221700
2018-08-31,27.199247483735135,27.337812847050213,27.150344621977712,27.313358306884766,3963400
2018-09-04,27.248144688918313,27.288898097034508,26.995468583740738,27.239992141723633,3894200
2018-09-05,27.142185333645486,27.25629612846515,26.946567716607767,27.15848731994629,3841000
2018-09-06,27.22370024190431,27.370415036146458,27.036228919816484,27.32965850830078,4904300
2018-09-07,27.10958223921345,27.492671156476952,27.10958223921345,27.370410919189453,3396100
2018-09-10,27.50897659604143,27.769802199468387,27.451921189622187,27.688295364379883,4449300
2018-09-11,27.451925822690043,27.590488087582976,27.297061566170825,27.345964431762695,3923500
2018-09-12,27.2807582662551,27.835013517820652,27.22370285294278,27.72089958190918,3945400
2018-09-13,27.7208879470522,28.609325864822626,27.7208879470522,28.576725006103516,10260400
2018-09-14,29.016871204253675,29.34290472266437,28.690840795129045,28.747896194458008,6829200
2018-09-17,28.747898866384862,28.967971045373424,28.63378805712109,28.674541473388672,3640600
2018-09-18,28.79680215500543,28.910912953663356,28.584879435252656,28.747896194458008,5178600
2018-09-19,28.772358958324556,28.86201836668361,28.527835277800865,28.731605529785156,3072700
2018-09-20,28.886460101298802,29.636335993607066,28.813102710847843,29.448867797851562,7402900
2018-09-21,29.58742428425161,29.799346975192297,29.196185980921474,29.277692794799805,11099700
2018-09-24,29.236945725987507,29.294001129928215,28.93536671811716,29.09023094177246,3204100
2018-09-25,29.098377355833712,29.236939562109814,28.878305225907845,28.943510055541992,3852700
2018-09-26,28.95166202284361,29.20433811716999,28.829398694459904,28.853853225708008,5008300
2018-09-27,28.89461099294028,29.057627752293026,28.821253606695848,28.845705032348633,3149400
2018-09-28,28.723439839016613,28.853852602140904,28.666381340194548,28.772342681884766,3564500
2018-10-01,28.8946097153908,29.07392534439308,28.690839552530903,28.756044387817383,3641200
2018-10-02,28.747896705305088,29.049475694158065,28.682688756749783,28.910913467407227,2631400
2018-10-03,29.057629776005008,29.277698840778896,28.984272384651618,29.1309871673584,2974400
2018-10-04,28.641940372356988,29.14728962524285,28.49522557163421,29.098386764526367,5881200
2018-10-05,29.16358673060001,29.25324610594529,28.209943794915418,28.30775260925293,5010300
2018-10-08,28.20179682102647,28.340362185572523,27.91651976061807,28.09583854675293,5342600
2018-10-09,28.095836027748,28.185495412776785,27.908367817818032,27.91651725769043,3916700
2018-10-10,27.647538492817223,27.6964444588324,26.261903657871148,26.34341049194336,12319400
2018-10-11,26.147793107743205,26.620538346801588,25.479425557312528,25.544631958007812,10362100
2018-10-12,26.09888584754787,26.286354045923826,25.699496468756127,26.18854522705078,8184100
2018-10-15,26.139636691445215,26.204844637136507,25.903264106886244,25.911415100097656,6027200
2018-10-16,26.22930018399591,27.19924520893342,26.107036821254347,26.604236602783203,5988400
2018-10-17,26.596089602768732,26.75910639828326,26.09888977562846,26.400468826293945,5114800
2018-10-18,26.15593927878756,26.28635206388033,25.283803195488524,25.406064987182617,7156300
2018-10-19,25.479424654344648,25.699496831883273,25.00667787739676,25.088186264038086,7246600
2018-10-22,25.185995988579904,25.357163762136672,24.949623368940742,25.12894058227539,7911700
2018-10-23,23.83296472223558,25.919571337773647,22.960828430198486,25.6016902923584,18049000
2018-10-24,25.577234281044948,26.001076661228975,24.664344674879743,24.69694709777832,12767200
2018-10-25,25.267501848824217,25.707646175645312,24.974072297610153,25.634288787841797,7932300
2018-10-26,25.031130069731756,25.487576427008374,24.615440238985485,25.014829635620117,7561000
2018-10-29,25.503876211764528,25.666891421295944,24.5665321497258,24.933319091796875,6147700
2018-10-30,24.95776750550828,25.520171974238984,24.794750771166083,25.454965591430664,6705600
2018-10-31,25.878815189682385,26.47382379573236,25.78100481043426,26.041831970214844,6895500
2018-11-01,26.261904783692312,27.060683607131192,26.204849375538576,26.97917366027832,5978300
2018-11-02,27.109583497569147,27.19109343549702,26.644987733881997,26.82430648803711,5215500
2018-11-05,26.889515944994447,27.06883159991038,26.604235810192,26.946571350097656,3557900
2018-11-06,26.96287195720475,27.394863747792897,26.938417421065985,27.207395553588867,3127600
2018-11-07,27.435622515347568,27.729052131974843,27.288907707033932,27.72089958190918,3363500
2018-11-08,27.492673388031886,27.80240494434909,27.394864568405623,27.794252395629883,3961500
2018-11-09,27.549730274904565,27.647539099795814,27.150342426181524,27.35411262512207,4629100
2018-11-12,27.01992279700708,27.060676204642085,25.813602342510993,25.84620475769043,8464900
2018-11-13,26.098887150799097,26.685746311914826,25.984774783558134,26.107036590576172,7181700
2018-11-14,26.302656814041686,26.66944378230173,25.69134623670374,25.748401641845703,6916600
2018-11-15,25.568053532311612,26.477976769670505,25.551658124616317,26.273038864135742,6257000
2018-11-16,26.02711762452135,26.535362825379377,25.96153754816701,26.25664710998535,6212600
2018-11-19,26.15008272673648,26.207465103927365,25.453293367520338,25.543466567993164,5683000
2018-11-20,24.871263654816705,25.55165741988431,24.813881293017957,25.289337158203125,4983300
2018-11-21,25.658229469274463,25.6992179954166,25.166379663988035,25.174575805664062,5536500
2018-11-23,24.854873135721775,25.805785053105676,24.813886173105317,25.55166244506836,2617700
2018-11-26,25.904151777232414,25.953336437155258,25.682818462251387,25.85496711730957,3261400
2018-11-27,25.52706143202257,25.961530293685794,25.35491436602796,25.887752532958984,3941000
2018-11-28,26.199263898878677,26.44518878643695,25.78119190274007,26.436992645263672,4213900
2018-11-29,26.38780886747971,26.43699510040101,26.109094698687922,26.117292404174805,3334200
2018-11-30,26.084499263226878,26.510770529333158,26.068103853710717,26.41240119934082,6807900
2018-12-03,26.896051429950784,27.453482774506547,26.896051429950784,27.371505737304688,5621900
2018-12-04,27.076399825507977,27.240350804099883,26.2648473284905,26.35502052307129,6330600
2018-12-06,25.813983174879763,26.46158626327359,25.133589265021733,26.45339012145996,9312400
2018-12-07,26.43698751005257,26.87145483124992,25.63363136561973,25.76479148864746,6531400
2018-12-10,25.674623368873096,26.117290043844438,25.305736036615954,26.035314559936523,5506900
2018-12-11,26.47797703921883,26.609137175012126,25.871361020286777,25.895954132080078,5185900
2018-12-12,26.412399965766806,26.707511069065458,26.207460483491,26.21565818786621,4992300
2018-12-13,26.371415557631163,26.51897114104656,25.961541195497666,26.20746612548828,4527500
2018-12-14,25.863160799142257,26.24844502864421,25.691013724000364,25.76479148864746,3204100
2018-12-17,25.73200227007182,26.068100301593816,25.10079472523301,25.330324172973633,5770100
2018-12-18,25.518869536843397,25.740202869394295,24.953241993949685,25.125389099121094,4843100
2018-12-19,25.149981806753956,25.78938711684117,24.47778567894317,24.641735076904297,6464500
2018-12-20,24.502377117910832,24.830279039455167,23.854774106320473,24.223661422729492,7630400
2018-12-21,24.051515432683246,24.37121810105692,23.477688607012855,23.59245491027832,13364400
2018-12-24,23.26454956678781,23.535067530463756,22.920253834513687,22.928451538085938,4233800
2018-12-26,23.0842095750189,23.928554455763756,22.682531397835156,23.92035675048828,7995600
2018-12-27,23.608850345406616,24.346628189086914,23.35472773455697,24.346628189086914,7451100
2018-12-28,24.453191458084717,24.78928950676712,24.174475774267282,24.387611389160156,4638000
2018-12-31,24.551565854094452,24.781095346376794,24.485985775792013,24.764699935913086,3783800
2019-01-02,24.256451604986957,24.715512094152313,24.108896056867184,24.494178771972656,5088900
2019-01-03,23.94494582093887,24.067909823773704,22.95304703870012,22.97764015197754,9172200
2019-01-04,23.436702980008416,24.166281547208637,23.280949707571015,23.944948196411133,6735400
2019-01-07,23.8301818147455,24.141688338242155,23.7482063315331,23.936750411987305,5253200
2019-01-08,24.272851263243908,24.29744281653477,23.871173069450936,24.166282653808594,4647900
2019-01-09,24.313835303633546,24.543366342575787,24.17447745205295,24.330230712890625,4395900
2019-01-10,24.182677679892354,24.912256268881137,24.166282268924583,24.879467010498047,3503800
2019-01-11,24.633541107177734,24.731912011710275,24.444998567338892,24.633541107177734,4058900
2019-01-14,24.39580955167918,24.551562804634077,24.313834073094903,24.469587326049805,4001300
2019-01-15,24.461390587289245,24.797488655553057,24.453192882752045,24.67452621459961,3177000
2019-01-16,24.674529793203785,24.895863157151837,24.63354126457313,24.64993667602539,3014000
2019-01-17,24.51877361800333,24.953242588900764,24.4367981339686,24.813884735107422,3713800
2019-01-18,24.863070537816917,25.223761745943204,24.813885870566363,25.10899543762207,4603100
2019-01-22,24.87945940303217,24.96963100867796,24.067905570908206,24.117090225219727,8053500
2019-01-23,24.14987891863548,24.354816797701503,23.715411615688744,24.02691650390625,9897700
2019-01-24,24.149885076860034,24.641736424751052,24.11709582089521,24.477787017822266,7361100
2019-01-25,24.846674363165103,25.24015637972158,24.707316507282094,24.887662887573242,8560100
2019-01-28,24.55156480518816,25.018823038574624,24.436798500397703,24.887662887573242,8101400
2019-01-29,26.314025148400994,27.84696289420211,26.23205123912042,27.642024993896484,16592300
2019-01-30,27.732195308681973,27.764982992748326,27.182960166444293,27.478071212768555,8808000
2019-01-31,27.412495818527468,27.437090496044963,26.986224557777664,27.26494026184082,11838200
2019-02-01,27.379703948855152,27.445282448983804,26.9452334861984,27.125579833984375,5166700
2019-02-04,27.109191707676413,27.61743694680925,27.06000547404229,27.50267219543457,5859400
2019-02-05,27.50267219543457,27.633832358020623,27.338721210425767,27.50267219543457,4218200
2019-02-06,27.42889355549726,27.846968710622814,27.412498144795787,27.68301773071289,4369300
2019-02-07,27.44528658165274,27.78138465406949,27.09279309995901,27.223953247070312,4403600
2019-02-08,27.01901229509724,27.371505737304688,26.937038384999603,27.371505737304688,4517000
2019-02-11,27.42888437565225,27.56004449026281,27.240341906343552,27.34691047668457,2536100
2019-02-12,27.52725753951745,28.04369874554464,27.478071322565576,27.88794708251953,4938300
2019-02-13,28.03551043549072,28.03551043549072,27.683016933324385,27.90435028076172,3878100
2019-02-14,27.748592100727787,27.814173733735693,27.576445004738613,27.650222778320312,2951500
2019-02-15,27.896152314680982,28.314227477285844,27.863364619796304,28.28963279724121,4470600
2019-02-19,28.150270018255917,28.248639334489127,27.98631907313111,28.035505294799805,3378300
2019-02-20,28.08468813952287,28.52735474929063,27.945331870024216,28.41259002685547,4175800
2019-02-21,28.314229652022796,28.412598998442103,28.166674068841264,28.28143882751465,2762000
2019-02-22,28.420788567159672,28.633925750057905,28.355210060417118,28.568344116210938,2528300
2019-02-25,28.691305807343443,28.953626067413676,28.609331898735554,28.756887435913086,5160700
2019-02-26,28.72410515934898,28.871660740384737,28.609340402344525,28.617536544799805,3656100
2019-02-27,28.51859363510111,28.617529765773888,28.23827197725917,28.60103988647461,2607600
2019-02-28,28.485616384809425,28.79067131590051,28.45263662330683,28.699981689453125,4663900
2019-03-01,28.889610541772218,29.054506203827344,28.716471511919757,28.798917770385742,3692400
2019-03-04,28.8896101431842,29.062749170647876,28.394923163843984,28.757694244384766,3195100
2019-03-05,28.774182046555577,28.823648539330524,28.60103988647461,28.60103988647461,3155100
2019-03-06,28.601042500886333,28.65051214330617,28.444393350908282,28.45263671875,2588700
2019-03-07,28.460884129432753,28.460884129432753,27.875507495388273,28.007423400878906,3357100
2019-03-08,27.751832059789812,27.908481198349563,27.619916168075566,27.867258071899414,2805100
2019-03-11,28.03215254327088,28.28774094870374,27.949706293839796,28.19704818725586,2937300
2019-03-12,28.29598431559772,28.304230827614518,28.131088671612744,28.19704818725586,2375900
2019-03-13,28.312475862007553,28.452635123319812,28.221783095218207,28.287742614746094,2536700
2019-03-14,28.238268552225453,28.238268552225453,27.94970356229551,28.21353530883789,2970500
2019-03-15,28.213534601799036,28.47736634172972,28.172308337022894,28.46087646484375,6019200
2019-03-18,28.535082133302595,28.617528380685698,28.21353736533667,28.320716857910156,3171800
2019-03-19,28.444392907639138,28.757694347836015,28.403169778826605,28.535085678100586,3330600
2019-03-20,28.535080053366258,28.54332341945461,27.966190294472216,28.21353530883789,2753600
2019-03-21,28.16407802778951,28.807167798861688,28.11460837419785,28.68349838256836,3172200
2019-03-22,28.601036517225943,28.65050614929617,27.834274518311236,27.891990661621094,3371400
2019-03-25,27.826034352172517,28.023909758086475,27.57044594143425,27.817790985107422,2462100
2019-03-26,28.065135922910056,28.155828696061878,27.471512786005942,27.71061134338379,3616600
2019-03-27,27.71061258249704,27.8095487280307,27.290128460013097,27.40555763244629,3687100
2019-03-28,27.438527118777465,27.611669259860726,27.116982370529687,27.125228881835938,4129600
2019-03-29,27.248903671165085,27.47151234392181,27.166457412421043,27.29012680053711,4370000
2019-04-01,27.553960357311304,28.06513725847044,27.471514093317055,27.966197967529297,5225300
2019-04-02,28.040392786387237,28.155821925903567,27.957946546140896,28.04863929748535,2914100
2019-04-03,28.345460891723633,28.568069593832877,28.2547681080728,28.345460891723633,4114400
2019-04-04,28.287743760102263,28.642268329111673,28.271253879552624,28.535085678100586,3184200
2019-04-05,28.62577627798497,28.831895051541604,28.55981676078786,28.60103988647461,2201300
2019-04-08,28.53508141758979,28.601037784817418,28.26300314682886,28.59279441833496,1812500
2019-04-09,28.469125860108953,28.5433287492498,28.221783944680503,28.27125358581543,2017300
2019-04-10,28.27125523848483,28.427904393551458,28.24651884390979,28.361948013305664,1457600
2019-04-11,28.378428732424492,28.60928387714457,28.328962244009382,28.52683448791504,1487000
2019-04-12,28.75769247983382,28.906098250017504,28.65875320296275,28.864871978759766,2093400
2019-04-15,28.972056138052757,28.98030265078477,28.63402145387129,28.823650360107422,2183900
2019-04-16,28.856630382203562,28.939076639532043,28.699981235230208,28.757694244384766,2269600
2019-04-17,28.864875002360975,29.136953324572293,28.65051283693169,28.782428741455078,2606200
2019-04-18,28.84838508834233,29.01327759198958,28.691732806705375,28.732955932617188,2968000
2019-04-22,28.592795135495315,28.60103850218453,28.24651397721627,28.320716857910156,3014300
2019-04-23,28.394921267943676,28.782425570785104,28.246515498562825,28.732955932617188,2565000
2019-04-24,28.650513472635666,28.77418601186184,28.337212013019798,28.40317153930664,2790900
2019-04-25,28.295991463359037,28.312481346435273,27.537475712593793,27.669391632080078,3113200
2019-04-26,27.61167350616114,27.80954577622559,27.356085083444615,27.743589401245117,2638900
2019-04-29,27.710607482294908,27.96619273997608,27.603424843038695,27.80954360961914,5167400
2019-04-30,25.59994816899554,26.515115923931802,25.031061550172538,26.25952911376953,17836600
2019-05-01,26.383203620644608,26.9603368288708,26.111126896209168,26.638792037963867,8176100
2019-05-02,26.737724614968776,26.86139712354212,25.88851479524636,26.03692054748535,6798300
2019-05-03,26.094638267960963,26.46565114313218,26.094638267960963,26.37495994567871,4433700
2019-05-06,25.66591173703475,26.086394268780065,25.62468860693803,25.97096824645996,3945100
2019-05-07,25.913257730699744,26.10288666350416,25.492775158462717,25.690649032592773,6555100
2019-05-08,25.62468736902205,25.731868445632625,25.435058463639436,25.468036651611328,4506400
2019-05-09,25.336123297863658,25.336123297863658,24.775479893009745,25.25367546081543,4854300
2019-05-10,25.055802059999035,25.50101944477727,24.6765442041317,25.38559341430664,4989000
2019-05-13,24.82494335589788,24.857921538966636,24.322013090468573,24.404460906982422,5613300
2019-05-14,24.536378125975137,24.98983878275358,24.503398368541816,24.783720016479492,3707600
2019-05-15,24.602338833866412,24.99808653218453,24.503401123006103,24.956863403320312,4126600
2019-05-16,25.220692980514226,25.641175462647613,25.055797334459847,25.1464900970459,7558000
2019-05-17,24.824943162873492,25.04755022140033,24.5363765935994,24.66004753112793,5174700
2019-05-20,24.387971029167392,24.569354967448817,24.297278273746027,24.404460906982422,4792800
2019-05-21,24.791964877805952,25.088776403526083,24.602335990845372,25.006328582763672,5755500
2019-05-22,24.833191148348785,25.13824606017372,24.808456328784,25.031064987182617,4219000
2019-05-23,24.72601272126876,24.72601272126876,24.231327253505803,24.429201126098633,5164600
2019-05-24,24.63531981263525,24.71776765226327,24.43744594106505,24.486915588378906,3432900
2019-05-28,24.57760361700722,24.68478626642572,24.404464591493312,24.437442779541016,5761100
2019-05-29,24.28903044995567,24.61057673891251,23.92626261647987,24.066423416137695,3920800
2019-05-30,24.207559410972245,24.3652908664038,24.09963888888372,24.224163055419922,2927500
2019-05-31,23.91700432091612,24.041528499709155,23.742670787288034,23.941909790039062,4068000
2019-06-03,23.92529938715383,24.273967939352488,23.825680705617298,23.950204849243164,3649100
2019-06-04,24.323781723795463,24.821879972706128,24.290576018353786,24.79697608947754,4222100
2019-06-05,25.00451356137737,25.22035457650258,24.788670962841685,25.203752517700195,4398300
2019-06-06,25.203751706603807,25.419594298193335,25.029416635800164,25.31167221069336,3365300
2019-06-07,25.477703402433523,25.67694233624895,25.369781323652067,25.386384963989258,3028400
2019-06-10,25.56902160882338,26.009008600551095,25.502608627374894,25.685245513916016,3911300
2019-06-11,26.000706278880035,26.092024720390786,25.6603395575895,25.701847076416016,3847600
2019-06-12,25.676944842085604,25.95920042172228,25.676944842085604,25.90938949584961,3412800
2019-06-13,25.959199733726628,26.141835040188035,25.818071947648594,25.97580337524414,3566300
2019-06-14,25.950898664142684,26.15013761788877,25.153941265747875,25.660341262817383,5660000
2019-06-17,25.90108946370106,26.133534119308568,25.68524686677233,26.042217254638672,5155500
2019-06-18,26.266359958969165,27.254256074044786,26.158439452745117,26.996904373168945,8515500
2019-06-19,27.08822824126187,27.212750830999862,26.93879860011905,27.146339416503906,4762600
2019-06-20,27.37048207240824,27.65273769074226,27.096526692780518,27.495004653930664,8467400
2019-06-21,27.58632451654289,27.685943220190605,27.337276174012864,27.602928161621094,9145600
2019-06-24,27.644433718861148,27.68594124518492,27.26255940976841,27.428592681884766,6673500
2019-06-25,27.43689303355258,27.569719018429097,27.19614494633224,27.237655639648438,4203400
2019-06-26,27.43689274642854,27.77725952703905,27.37878157657952,27.4451961517334,5404000
2019-06-27,27.553115496352483,27.74405265253079,27.478400681602597,27.586322784423828,3149600
2019-06-28,27.561418901780964,27.70254512585225,27.337274457531308,27.586322784423828,8436700
2019-07-01,28.167433045298306,28.44138520996749,28.067814364220492,28.325162887573242,5976600
2019-07-02,28.2255464998143,28.300261308398415,27.86027586163698,27.984798431396484,2763700
2019-07-03,28.042907342330242,28.15912966482186,27.89347773717794,28.018003463745117,3209900
2019-07-05,27.885181253285385,27.901784896850586,27.519910595314535,27.901784896850586,2496100
2019-07-08,27.64442692107046,27.719141716809318,27.270852942376166,27.40367889404297,3688500
2019-07-09,27.32066749330246,27.48670074666041,27.196141761578765,27.420286178588867,2638900
2019-07-10,27.52820953951786,27.694242800543055,27.179542541503906,27.179542541503906,3287500
2019-07-11,27.17954164209136,27.221049164268845,26.88068241549993,27.021808624267578,3186900
2019-07-12,27.204441549953003,27.47839368978183,27.146330394025057,27.40367889404297,4466500
2019-07-15,27.42028388689741,27.744046962134934,27.38707977245763,27.702539443969727,2421600
2019-07-16,27.661033802279036,27.802163173799475,27.51990759757945,27.64443016052246,2400000
2019-07-17,27.511602133843244,27.56971329223077,27.113124261977088,27.353872299194336,6728200
2019-07-18,27.353874291073314,27.57801870409884,27.212744919840567,27.528207778930664,3945000
2019-07-19,27.85197067276235,27.876877718575585,27.478396653772045,27.4867000579834,4471700
2019-07-22,27.519899503734102,27.7689477231937,27.37877017372104,27.694232940673828,3675200
2019-07-23,27.777256885147526,28.026305184645125,27.74404960072893,27.87687873840332,3889600
2019-07-24,27.810468394522264,28.117627905005495,27.810468394522264,28.076120376586914,4037000
2019-07-25,27.876878039017107,27.910082155781726,27.328967360319275,27.395381927490234,6283400
2019-07-26,27.52820679180374,28.092717922850365,27.420284707886395,28.051210403442383,5929700
2019-07-29,28.233852224016765,28.433092807896983,28.101026223703833,28.30856704711914,5975300
2019-07-30,26.457301119239133,26.69804761693673,25.90939196627059,26.067123413085938,16820000
2019-07-31,25.95920254445916,26.009011890994394,25.19545236947306,25.527517318725586,12895000
2019-08-01,25.228654429631526,25.53581545296714,24.581128267945648,24.689048767089844,10966800
2019-08-02,24.489808936940673,24.70565151080091,24.13283858722606,24.315475463867188,6626100
2019-08-05,24.04152733890346,24.07473462946403,23.211364075818494,23.394001007080078,11258200
2019-08-06,23.684552278234957,23.850583937429594,23.327581915021472,23.676250457763672,6229900
2019-08-07,23.26947365209376,23.750968215500052,23.17815519895118,23.667951583862305,7118900
2019-08-08,23.975110563886712,24.25736615553877,23.842284589392865,24.199254989624023,5256200
2019-08-09,24.058125844237264,24.058125844237264,23.30267756290207,23.477012634277344,4387800
2019-08-12,23.277773504705497,23.319281025308285,22.912501306441374,23.037025451660156,3562900
2019-08-13,22.91249825607634,23.867185353535728,22.86268892130208,23.42719841003418,4835600
2019-08-14,23.08683728846958,23.136648218669375,22.663453882234833,22.680057525634766,5925200
2019-08-15,22.67175513578058,22.77967723176502,22.397801360189327,22.52232551574707,5039800
2019-08-16,22.704963765378416,23.07023601558628,22.597041663007378,22.937408447265625,5262500
2019-08-19,23.310977341728368,23.45210511727493,23.144944105764075,23.15324592590332,3358800
2019-08-20,23.05363040378163,23.178154556079164,22.804580515776056,22.821184158325195,4075500
2019-08-21,23.070230891331462,23.302675521589126,23.003816330217514,23.15324592590332,4654300
2019-08-22,23.32758800936971,23.56003270965061,23.061936018528243,23.394001007080078,6952500
2019-08-23,23.244566280050467,23.46871069205517,22.655151252271903,22.78797721862793,5438600
2019-08-26,22.970615105179718,23.04532991756872,22.522326230845728,22.605342864990234,4977200
2019-08-27,22.763074443028874,22.82948743404604,22.406104022532638,22.472517013549805,3642500
2019-08-28,22.356297317679733,22.787982602022634,22.23177314272988,22.729869842529297,3919700
2019-08-29,23.106189115284046,23.36543452153911,23.03928743513542,23.181453704833984,2991800
2019-08-30,23.449058922366536,23.5744993566891,23.15636351223944,23.2901668548584,5084300
2019-09-03,22.930573880520573,23.0058384736071,22.40372332397685,22.63787841796875,4956600
2019-09-04,22.87203211381839,23.01419837159223,22.696414221245178,22.91384506225586,4123400
2019-09-05,23.223270255095265,24.017727576007875,23.214907344972563,23.900650024414062,6776900
2019-09-06,24.009360465129326,24.126439591300606,23.64140205448168,23.691577911376953,4711100
2019-09-09,23.817027305916653,24.076272786647586,23.733399782940943,23.992645263671875,5524500
2019-09-10,23.925732913005273,24.57802379269071,23.88391837260132,24.410770416259766,6321100
2019-09-11,24.58638884602573,25.071426391601562,24.21006751992445,25.071426391601562,5872300
2019-09-12,25.104885683380296,25.456119985232004,24.83727890007657,25.29722785949707,8458700
2019-09-13,25.330672475513335,25.531377507294167,25.188506211952518,25.221956253051758,4434900
2019-09-16,25.088153784224215,25.29722173242608,25.004526285931092,25.129966735839844,2868500
2019-09-17,23.28180475105053,23.658127662083494,22.930570565773664,23.60795021057129,28453300
2019-09-18,23.607951274442136,23.61631418340437,23.08110077031566,23.331981658935547,8495900
2019-09-19,23.365431053715955,23.38215527497455,23.07273564835844,23.081098556518555,5089600
2019-09-20,23.148003106613626,23.532687359468255,23.148003106613626,23.21490478515625,6849800
2019-09-23,23.12291308329297,23.239992210478277,22.997472642437483,23.139638900756836,5354600
2019-09-24,23.223262840267605,23.281801597373995,22.9222045522216,23.122909545898438,5587100
2019-09-25,23.122913204595545,23.716666967183592,23.03092439818521,23.633039474487305,4348200
2019-09-26,23.624676027742023,23.699940609948616,23.340343516086385,23.60795021057129,2724200
2019-09-27,23.733394622802734,24.0010029571538,23.541052478321454,23.733394622802734,3423300
2019-09-30,23.93410282148549,24.001004510638023,23.69158320139374,23.850475311279297,5054800
2019-10-01,24.001000416873907,24.218429673236958,23.097826969834667,23.231630325317383,5338800
2019-10-02,23.03092369896988,23.09782537208343,22.77167831997587,22.846942901611328,4406000
2019-10-03,22.763314426680694,23.08946146467867,22.37026731352506,23.081098556518555,4171500
2019-10-04,23.122913649491206,23.4657849405874,23.00583611450083,23.432334899902344,3271400
2019-10-07,23.323620377807583,23.599590012575025,23.24835578695629,23.348709106445312,3255500
2019-10-08,23.07273283847255,23.173084534049455,22.688047085263904,22.805126190185547,5858800
2019-10-09,23.0309263206188,23.415610586045556,22.989111773249444,23.26508140563965,4370800
2019-10-10,23.290167436566293,23.808655003399366,23.248352894039947,23.582862854003906,4457300
2019-10-11,23.875556596907842,24.53621201106974,23.81701783262751,24.30205535888672,8012800
2019-10-14,24.184979782197342,24.343871865968698,24.04281351673072,24.260244369506836,2723300
2019-10-15,24.251881883902346,24.82890986499872,24.193343113875237,24.695106506347656,3795900
2019-10-16,24.56965985473362,24.80381648599584,24.56965985473362,24.686738967895508,3924400
2019-10-17,24.8456333959392,24.904173759396297,24.477674967436872,24.54457664489746,4590400
2019-10-18,24.51112338036819,24.61147668742353,24.419134576884307,24.527849197387695,7308300
2019-10-21,24.736918340575084,25.196867165782542,24.711829613812903,25.012887954711914,4528400
2019-10-22,24.79545731213947,25.247044827206633,24.787094403149876,25.096515655517578,4821300
2019-10-23,25.029615547174696,25.171781818783188,24.83727341354612,25.15505599975586,4176700
2019-10-24,25.322309594143444,25.37248545337803,24.84563334869856,24.91253662109375,4577900
2019-10-25,24.91253714356903,25.673544337344573,24.862359688220298,25.514652252197266,7399500
2019-10-28,25.648453902601666,25.78225725116914,25.405934336409537,25.598278045654297,6534000
2019-10-29,25.86588415402963,26.008050408029295,24.55293782918302,25.30558204650879,8232000
2019-10-30,24.310418686802205,25.439385829747,24.260242830133603,25.414297103881836,7477000
2019-10-31,25.280497636033697,25.414301004393536,24.728558342783874,24.77873420715332,7027700
2019-11-01,24.9041705580613,24.99615935583117,24.68673973549883,24.736915588378906,6938000
2019-11-04,24.88744577502278,25.22195413320958,24.853994141673265,25.13832664489746,4385300
2019-11-05,25.18850710118833,25.3975750493902,24.987800467260097,25.129966735839844,4089900
2019-11-06,25.079795713980378,25.18014905030745,24.912542280184812,24.954355239868164,3101200
2019-11-07,25.171784732392158,25.339038156839162,25.163421821910497,25.24704933166504,3807300
2019-11-08,25.205229758429716,25.405934784823362,24.987798914404493,25.397573471069336,2639300
2019-11-11,25.1885083111225,25.238684174483833,24.91253867004226,25.037979125976562,2174700
2019-11-12,25.071425304869035,25.11323984710899,24.728554033809846,24.770368576049805,2846200
2019-11-13,24.586388239602773,24.745280312959405,24.435859074850356,24.511123657226562,4523200
2019-11-14,24.443768960033616,24.502709928930777,24.208003478424033,24.376407623291016,3508100
2019-11-15,24.502704818056284,24.746889010557425,24.435343495364183,24.71320915222168,4089000
2019-11-18,24.536387797273235,24.595328761373185,24.325883436332948,24.435346603393555,3037600
2019-11-19,24.586912001364265,24.586912001364265,24.233264581960366,24.376407623291016,3641800
2019-11-20,24.233260093600933,24.39324223497045,23.92171296510645,24.09853744506836,3769000
2019-11-21,24.11537825345445,24.11537825345445,23.81225307612618,24.039596557617188,5610400
2019-11-22,24.157480911193208,24.443766970553664,24.11537907539266,24.435346603393555,4670900
2019-11-25,24.603747569359307,24.72163109610958,24.46902491537675,24.620588302612305,3431900
2019-11-26,24.494282454179817,24.60374399236892,24.30061886798807,24.5363826751709,4462800
2019-11-27,24.561645774659297,24.822670699338616,24.527964310302938,24.71320915222168,2754900
2019-11-29,24.645852127581996,24.71321346202141,24.43534775670621,24.45218849182129,1598300
2019-12-02,24.46060090549644,24.561643683944027,24.15747578219465,24.207996368408203,2937700
2019-12-03,23.896454239334364,23.90487460645643,23.28178189361065,23.601749420166016,4829300
2019-12-04,23.7448899487991,24.048015103169625,23.584906202368135,23.593326568603516,4898300
2019-12-05,23.677529849165396,23.71120970982767,23.298621379085258,23.315462112426758,5328600
2019-12-06,23.534384117423794,23.70278661338224,23.450182066434298,23.483861923217773,4697700
2019-12-09,23.53439290433994,24.384829279397355,23.49229106011557,24.005922317504883,9053200
2019-12-10,24.00591370100145,24.09011575320619,23.55122358270819,23.57648468017578,5055400
2019-12-11,23.677528624936688,23.99749451177798,23.57648583613275,23.593326568603516,6075800
2019-12-12,23.525959601516103,24.687942560920373,23.525959601516103,24.62900161743164,8012900
2019-12-13,24.68794536196506,24.78898813799575,24.06485279350037,24.199575424194336,5846600
2019-12-16,24.43534406639979,24.47744429180847,23.997494655658606,24.09853744506836,4858000
2019-12-17,24.081704031087607,24.20800635171843,23.896459128542666,24.005922317504883,5254900
2019-12-18,24.022755910069353,24.022755910069353,23.652267821195455,23.83751106262207,5168600
2019-12-19,23.770148575053355,24.35114097595215,23.702787253646292,24.35114097595215,8285300
2019-12-20,24.61216699245038,24.72163014837776,24.426923751831055,24.426923751831055,12893200
2019-12-23,24.46060013833405,24.527961453179618,24.182734513843545,24.519542694091797,3708600
2019-12-24,24.536384451506848,24.544804817518763,24.16589798310624,24.266939163208008,1531500
2019-12-26,24.36798204452748,24.502704689203217,24.334300580348245,24.443763732910156,2398900
2019-12-27,24.502705072655207,24.502705072655207,24.191157948204175,24.241680145263672,2253000
2019-12-30,24.207999045996953,24.527964935434085,24.174317580782173,24.426923751831055,3950200
2019-12-31,24.32588071978132,24.519545930794973,24.258519396043724,24.511125564575195,3586100
2020-01-02,24.68794457582319,25.260516541050258,24.671103846017598,25.25209617614746,5627500
2020-01-03,24.8731949966498,25.033177147792664,24.679529772285107,24.923715591430664,6977700
2020-01-06,24.730054358540595,24.99949969805683,24.629011553211555,24.991079330444336,6013700
2020-01-07,25.083698303412294,25.2100005881121,24.831092127992008,25.176319122314453,6851500
2020-01-08,25.016335528061433,25.327882664552746,24.974235301572115,25.29420280456543,8429600
2020-01-09,25.454181092154506,25.454181092154506,25.260517510022574,25.44576072692871,6048100
2020-01-10,25.369986636182986,25.546811146786645,25.268945435284547,25.353147506713867,4734300
2020-01-13,25.344725501437637,25.614170827785756,25.151061873877527,25.59733009338379,5046100
2020-01-14,25.580491011745814,25.631013218215962,25.226843596559423,25.353147506713867,5483600
2020-01-15,25.134219868795455,25.31946311978946,24.873194922844636,24.982656478881836,5406300
2020-01-16,25.09211549955113,25.353142025147946,24.940553730972425,25.268939971923828,4193800
2020-01-17,25.32787970198143,25.43734124166249,25.193157065749123,25.311038970947266,4348200
2020-01-21,25.08370128799915,25.151062621588753,24.847935817425103,25.016338348388672,4313900
2020-01-22,25.05843318582724,25.369978664394267,24.906869826083096,24.965810775756836,4391500
2020-01-23,24.73004910360478,24.94055343112398,24.494283678615872,24.881610870361328,4167900
2020-01-24,24.97423273409519,25.02475332189274,24.4858627693308,24.721628189086914,4741400
2020-01-27,24.216421631294814,24.351144292457505,24.048017501831055,24.048017501831055,6832300
2020-01-28,24.20799766268049,24.283779349062698,23.55964394853072,23.57648468017578,10978900
2020-01-29,23.4164990361375,24.637424678705457,23.20599472576512,23.87118911743164,12837000
2020-01-30,23.54280558845411,23.54280558845411,22.944974009017372,23.315462112426758,9475000
2020-01-31,23.21442053186431,23.239681633197012,22.35556235880219,22.473445892333984,8708200
2020-02-03,22.599746631853005,23.04601642189776,22.574485532258535,22.658687591552734,4752700
2020-02-04,23.130213129943154,23.298617221263676,22.978651374979215,23.222835540771484,4486400
2020-02-05,23.669111495319207,23.82909365760619,23.441766393937662,23.820674896240234,5647600
2020-02-06,23.94697436220762,23.98907458814063,23.61016773668149,23.719629287719727,3253300
2020-02-07,23.517547436278633,23.559647666013728,23.281781974107975,23.307043075561523,3386900
2020-02-10,23.231262961402912,23.273363194008898,23.071279186662505,23.21442222595215,3150200
2020-02-11,23.399664108902318,23.85435266573004,23.323882415094243,23.61016845703125,5260800
2020-02-12,23.82909090146346,24.325881277679542,23.795411041832555,24.283781051635742,4815500
2020-02-13,24.081701293573346,24.35114664189524,23.854356178668887,24.1743221282959,3921000
2020-02-14,24.165898943567072,24.165898943567072,23.955394602964642,24.07327651977539,2841800
2020-02-18,23.88802809691246,24.031171081715303,23.44175841346352,23.551219940185547,4379500
2020-02-19,23.57648618345529,23.837511116514904,23.483863759522247,23.542804718017578,8384200
2020-02-20,23.467027496098122,23.83751402499301,23.33230322392987,23.820674896240234,5912800
2020-02-21,23.542804718017578,23.685947734086525,23.365981842531582,23.542804718017578,4774100
2020-02-24,22.700790804223896,23.020758350425847,22.456606566773797,22.734472274780273,5771700
2020-02-25,22.886037043727487,22.902877780009,21.353565374571986,21.65669059753418,12039900
2020-02-26,21.87560897807321,22.136635496328346,21.260936737060547,21.260936737060547,7331300
2020-02-27,20.674843057510877,21.388354611092083,20.114227068288063,20.411523818969727,10953900
2020-02-28,19.570593958278785,20.470976697845874,19.366732186927308,20.26711654663086,13670400
2020-03-02,20.420017760568005,20.963644982101624,19.969825455149905,20.955150604248047,8283900
2020-03-03,20.82773305662995,21.58371467824905,20.156691952391835,20.292598724365234,7959800
2020-03-04,20.598391574490822,21.320397376386904,20.309589253732387,21.31190299987793,6511000
2020-03-05,20.95514802814871,21.260939112737717,20.691828827606347,20.895689010620117,7953700
2020-03-06,20.09723976970126,21.218471829460402,20.054769496582562,21.133529663085938,9856800
2020-03-09,19.672528481870987,20.513452437945368,19.21384342407446,19.400714874267578,15034700
2020-03-10,20.241634219793667,20.564412400267532,19.273298058235554,20.538930892944336,9202400
2020-03-11,19.901871603899416,20.2161554767137,19.341255639294097,19.664033889770508,11517400
2020-03-12,18.084114710768638,18.96750881852899,17.294155505666737,17.387590408325195,8769200
2020-03-13,18.423880487763054,19.36673355102539,17.073305473216283,19.36673355102539,9033200
2020-03-16,16.843965294099807,17.107284520807454,15.64628558729843,16.189912796020508,12808000
2020-03-17,16.419256841526273,18.321953774382635,15.68026215512703,18.313459396362305,8982800
2020-03-18,16.852455389421962,18.313453951680646,16.470216592833356,18.262489318847656,7564000
2020-03-19,17.956701943963882,18.67870780692438,17.005354376410942,18.067127227783203,7353100
2020-03-20,18.135078203719132,18.355927121728957,15.96056814812969,16.02002716064453,7796400
2020-03-23,15.892611926759292,15.952072554873794,14.813852167436623,15.077171325683594,6781200
2020-03-24,15.884120303786784,17.04782228037945,15.476398354047083,17.005352020263672,7194500
2020-03-25,16.903424991546974,17.871763020865963,16.27485560136416,17.200721740722656,8754900
2020-03-26,17.234695826193654,18.653222645975454,16.911916007214796,18.52581024169922,6741500
2020-03-27,17.854773442392286,18.338941624679848,17.387592395169456,17.61693572998047,5685800
2020-03-30,17.769833317904094,18.177553768530444,17.21771167183045,18.075624465942383,6231300
2020-03-31,18.152069099570177,18.304963026891496,17.370604228224078,17.447052001953125,6099900
2020-04-01,16.58064314234546,16.716549920550207,15.935085135804599,16.23238182067871,6386600
2020-04-02,16.223886922057986,16.512689221476787,15.705741334253105,15.884119987487793,7654500
2020-04-03,15.80767282572216,16.003038618011033,15.136631686812636,15.213079452514648,7183200
2020-04-06,16.054006501784354,16.852460204960423,15.586827057024498,16.742034912109375,10797100
2020-04-07,17.362110849579857,17.413075494951148,16.39377286670414,16.716552734375,7939200
2020-04-08,16.894927631908384,17.608439055953493,16.70805620947244,17.472532272338867,5018400
2020-04-09,17.53199029602477,18.372914079627947,17.515003164136246,17.990676879882812,6051100
2020-04-13,17.837779016323953,17.90573239539021,17.107278976259433,17.33662223815918,5153600
2020-04-14,17.795314711884778,17.922727137717754,17.277169010675514,17.58296012878418,4952700
2020-04-15,17.090293197476985,17.183728088493314,16.708054397430463,16.979867935180664,4336100
2020-04-16,17.013846956508466,17.030834089032147,16.563654731830052,16.85245704650879,4180900
2020-04-17,17.285664978435065,17.81230348569064,17.268676221391456,17.59994888305664,4946600
2020-04-20,17.25168485400144,17.76133614723529,17.04782466073526,17.362110137939453,4747600
2020-04-21,16.996857685552467,17.141258838488522,16.49570083831184,16.5126895904541,4829000
2020-04-22,16.903423023180558,17.064812945963048,16.606126308624425,16.971376419067383,5129900
2020-04-23,17.158242741151913,17.53198546183029,17.00534725535798,17.01384162902832,3838300
2020-04-24,17.141260071213107,17.693381594450106,17.073306677893736,17.650911331176758,4590700
2020-04-27,17.854773112317805,18.50882559425642,17.77832533546073,18.37291717529297,6020900
2020-04-28,19.239323429545262,19.621562297869627,18.61924848327398,18.806119918823242,7520100
2020-04-29,19.001488107983604,19.307277594678776,18.3219524950388,19.09492301940918,8079000
2020-04-30,18.797625159799487,18.976003834772104,18.48334131457339,18.695695877075195,6338900
2020-05-01,18.262492164268323,18.279480917905108,17.455544188025037,17.548980712890625,4327100
2020-05-04,17.328133583637115,17.430064495954195,16.996860953846156,17.319639205932617,4133000
2020-05-05,17.574462889066847,17.914229842669844,17.5150038747034,17.55747413635254,6283900
2020-05-06,17.74434719316142,17.803806213011452,17.421568962488337,17.59145164489746,4134400
2020-05-07,17.94820680466059,18.07562083752473,17.7528409971361,17.795312881469727,4054800
2020-05-08,18.135082313107866,18.457860577102434,18.075623287119676,18.364425659179688,2672000
2020-05-11,18.050135332210893,18.211525231172416,17.812297671643204,18.092605590820312,3265700
2020-05-12,18.177545911655233,18.237004915821164,17.328127863258853,17.33662223815918,4198700
2020-05-13,17.243192172074462,17.336628710725883,16.470221589058934,16.674081802368164,4478000
2020-05-14,16.43624205625949,16.95438604276617,15.986049839000856,16.93739891052246,4264300
2020-05-15,16.699563026392028,16.869447328119197,16.521185967701594,16.691068649291992,3248300
2020-05-18,17.294152005225126,17.93970991722272,17.285657630314272,17.81229591369629,3878400
2020-05-19,17.795317960758094,18.050142858947176,17.345125579144376,17.701881408691406,3985700
2020-05-20,18.007666139053295,18.44086798693729,17.803804349284036,18.3304443359375,5140900
2020-05-21,18.30496205486951,18.440868840918334,18.08411474264268,18.109596252441406,4115100
2020-05-22,18.11809034548594,18.203032490471035,17.829288024618602,18.160560607910156,3872400
2020-05-26,18.687202623724396,19.375230993959573,18.661719491442785,19.09492301940918,5076400
2020-05-27,19.460169366889097,19.833913800381534,19.28179233598784,19.816925048828125,6375200
2020-05-28,19.902678723750412,20.117054849437825,19.559677249762565,19.765478134155273,5312800
2020-05-29,19.645429692956014,19.6968795095268,19.019451745404268,19.542530059814453,7791900
2020-06-01,19.50822810413654,19.645428698419725,19.311002454299473,19.499652862548828,3647500
2020-06-02,19.6711522817152,20.477205276489258,19.62827607844429,20.477205276489258,5722900
2020-06-03,20.86308126657891,21.6519853527757,20.854506026607663,21.566234588623047,5607500
2020-06-04,21.25753322772028,21.720584717650034,21.128906269155614,21.22323226928711,5926500
2020-06-05,22.175066198224584,22.903943691927353,22.175066198224584,22.878219604492188,8206500
2020-06-08,23.032570936856285,23.401298126237442,22.80104433391091,23.38414764404297,7535000
2020-06-09,22.79246731549792,23.881498316526226,22.72386702762936,23.692846298217773,9692200
2020-06-10,23.752876795525644,24.10445353175425,23.512774931649467,23.881502151489258,11461300
2020-06-11,22.809621912784703,23.212648472301318,22.26939311721034,22.423744201660156,13916200
2020-06-12,23.195495676414065,23.45274800337637,22.749594587020752,23.09259605407715,9551400
2020-06-15,22.535219742238475,23.564224201698618,22.346567698000708,23.255523681640625,7467500
2020-06-16,23.984398534314543,24.387426666802764,23.33269496537777,23.71857261657715,7401100
2020-06-17,23.838625514403216,23.881501722661273,23.358423430833742,23.36699867248535,6954200
2020-06-18,23.152618573446905,23.60709648980129,23.04971732680748,23.45274543762207,6690200
2020-06-19,24.01012366333797,24.01012366333797,22.835341893021162,22.895368576049805,12000100
2020-06-22,22.809618983884402,22.921093844139538,22.535217818124103,22.758169174194336,7557300
2020-06-23,23.092595060573935,23.332695259403675,22.955394479654096,23.049718856811523,7693200
2020-06-24,22.84391543710913,22.929666199508198,21.926386041226525,22.132186889648438,6082100
2020-06-25,21.994986324033828,22.19221193265986,21.643409670201425,22.132186889648438,6433200
2020-06-26,22.13218790747173,22.17506410842295,21.53193581419314,21.789186477661133,10410500
2020-06-29,21.994988084705383,22.20936419008372,21.789187219809367,22.020713806152344,4466500
2020-06-30,21.866366255570433,22.33799310881946,21.814916439984756,22.209367752075195,4539700
2020-07-01,22.346562425454923,22.492338227261808,21.98641054072966,22.00356101989746,6318500
2020-07-02,22.432320848346887,22.69814682401193,22.217944692200177,22.295120239257812,5029900
2020-07-06,22.878218032831068,23.118318222051744,22.766741543070147,22.998268127441406,5816900
2020-07-07,22.79246559204155,22.972542356304913,22.526639701096332,22.715290069580078,4777700
2020-07-08,22.646691490060153,22.852492353581578,22.458041107388816,22.706716537475586,4140900
2020-07-09,22.715292374534403,22.886793916420142,22.398016648273682,22.73244285583496,4559400
2020-07-10,22.71529499400315,22.895371797305156,22.526644584622098,22.869646072387695,3061500
2020-07-13,23.15262130170123,23.332696460090098,22.87822012574104,22.912519454956055,5248000
2020-07-14,22.94681791062779,23.512770683051986,22.698140849880268,23.461320877075195,3726900
2020-07-15,23.787173767594187,24.13017522799281,23.667123665344665,24.061574935913086,5542900
2020-07-16,24.413151910949207,24.893355596450558,24.233076755556198,24.661828994750977,6142600
2020-07-17,24.781880019079637,24.96195681672312,24.59322961562651,24.901931762695312,4687000
2020-07-20,24.80760574318872,24.96195681672312,24.678980393763403,24.901931762695312,5414400
2020-07-21,25.021978517394164,25.356404708193384,25.00482803695322,25.133453369140625,4584900
2020-07-22,25.150606876746597,25.57935912601644,25.01340628782505,25.38213348388672,4908500
2020-07-23,25.382130927756556,25.8623329406228,25.339254725811436,25.553630828857422,5370800
2020-07-24,25.459307760269127,25.60508358323255,25.05627961913262,25.11630630493164,5542000
2020-07-27,25.02197762370864,26.43685949835582,24.927651620212238,26.265357971191406,9852000
2020-07-28,26.14531294603986,26.89134260743137,25.68226134993072,25.930936813354492,8905400
2020-07-29,26.393991778190706,27.285795698231066,26.025264544069714,27.10572052001953,7252600
2020-07-30,26.805585513556625,26.951361314869583,26.5311843900404,26.685535430908203,6095900
2020-07-31,26.634083773512227,26.72840977227644,26.119580853390584,26.58263397216797,5697300
2020-08-03,26.651232514512344,26.66838299236192,26.26535494069486,26.49688148498535,3596500
2020-08-04,26.514036919506804,26.762712352575956,26.47116235242726,26.745563507080078,3392000
2020-08-05,26.84846108763826,27.371539271279698,26.805586523807882,27.337238311767578,3621700
2020-08-06,27.15716455447281,27.431565702208434,27.12286359322593,27.302940368652344,3238300
2020-08-07,27.242915520671364,27.34581513404259,26.968514370934948,27.31151580810547,3079400
2020-08-10,27.35439170628174,27.65451859175385,27.234341606316875,27.568769454956055,5447600
2020-08-11,27.774570862304277,28.160448550290504,27.63737027003363,27.69739532470703,4082900
2020-08-12,27.868896411445586,28.186172162369957,27.783147269396867,28.06612205505371,2575900
2020-08-13,27.937498812048243,28.16902215369934,27.74884677102275,27.88604736328125,3826200
2020-08-14,27.826018878609826,27.851742964262343,27.57734181356969,27.714542388916016,2736900
2020-08-17,27.800291993985986,27.946069447772135,27.688818773518705,27.723119735717773,2290900
2020-08-18,27.80029390197958,27.808870778677896,27.457294069807457,27.534469604492188,3254200
2020-08-19,27.63736915588379,27.78314661929968,27.525892656932818,27.63736915588379,3043200
2020-08-20,27.440137712123704,27.53446370888822,27.268636197199065,27.328662872314453,2322100
2020-08-21,27.397273095851126,27.860326372891212,27.25149724591928,27.843175888061523,4874900
2020-08-24,27.8946121484139,28.6234927220874,27.860314464534913,28.61491584777832,4676400
2020-08-25,28.700677559960393,28.777853098220444,27.95464626640652,28.203323364257812,3553800
2020-08-26,28.20332528005792,28.366253244741074,28.066124677289178,28.108999252319336,2874700
2020-08-27,28.22122463287539,28.255757360622145,27.530586544051232,27.73777961730957,4217200
2020-08-28,27.815475737778257,28.264391304772868,27.573751590947843,28.19532585144043,6193200
2020-08-31,28.18669574451667,28.221225179710313,27.806842318386437,28.022666931152344,4728100
2020-09-01,27.87590709861713,28.376618475605262,27.660082491089693,28.359352111816406,3007100
2020-09-02,28.48884914208366,29.2312863436111,28.402520613487464,29.093158721923828,4605000
2020-09-03,28.756475156798132,28.851435228582954,27.159370903867003,27.539222717285156,6206500
2020-09-04,27.694617625209126,27.901807422234945,26.883114922727724,27.668716430664062,5453300
2020-09-08,27.280232132234506,27.755047281327844,27.193901955434704,27.418359756469727,4465300
2020-09-09,28.05720030171522,29.179487655139365,28.05720030171522,28.549280166625977,7570500
2020-09-10,28.66150493573018,28.89459587774851,27.47015232982151,27.521949768066406,7342800
2020-09-11,27.867269464035658,27.979499170751236,27.262961611775857,27.573749542236328,7949000
2020-09-14,28.039933410381458,28.41115200931936,27.996769146295662,28.264392852783203,4779300
2020-09-15,28.480218494484806,28.687408286864457,28.324824503588882,28.33345603942871,3616000
2020-09-16,28.44568423335711,28.69604157112548,28.108998368948296,28.17806053161621,6486300
2020-09-17,27.79821190035518,28.566547025772596,27.703248540005184,28.33345603942871,6084800
2020-09-18,28.25575318864755,28.48884412668888,27.82410403521287,28.005395889282227,7914500
2020-09-21,27.332029309672315,27.504689661566307,26.71908818900982,27.12483787536621,5812800
2020-09-22,27.124842659221358,27.297503041566486,26.788156724920942,27.288869857788086,6098500
2020-09-23,27.254330539006634,27.31476116424613,26.339234685499214,26.40829849243164,4175200
2020-09-24,26.201105426218792,26.883110271020584,26.037078277575954,26.494626998901367,3085800
2020-09-25,26.373766430006807,27.021240253787113,26.252905176483363,26.934911727905273,2536600
2020-09-28,27.418359865796845,27.789576828277198,27.30613014152625,27.65144920349121,3036200
2020-09-29,27.755046970457997,27.910440957634922,27.565120254303466,27.599651336669922,3097300
2020-09-30,27.755043691501736,28.30755411698114,27.677346707092326,27.97949981689453,5135600
2020-10-01,28.27302225001712,28.290288612990032,27.677347546950728,28.08309555053711,4624500
2020-10-02,27.65145207195899,28.583816105901427,27.625554168757038,28.324827194213867,3870000
2020-10-05,28.70467525411596,29.119058140793197,28.488850628145162,28.94639778137207,3743000
2020-10-06,29.041358084026292,29.645667631721224,28.980927458579007,29.024091720581055,5328800
2020-10-07,29.291710646995817,30.30176804499216,29.248546392018646,30.26723861694336,4599800
2020-10-08,30.38809975588314,30.931978587964167,30.30176795296942,30.413997650146484,4257100
2020-10-09,30.560763875079584,30.690256655747216,29.96508588705381,30.025516510009766,3750200
2020-10-12,30.19818168186137,30.2499807783598,29.870127323816302,29.896028518676758,4117900
2020-10-13,29.896022598050628,30.5521278909828,29.593866201482758,30.103212356567383,6552300
2020-10-14,30.146376214929067,30.2586059203484,29.585234274275972,29.78379249572754,4312900
2020-10-15,29.4471133989659,30.1981821983143,29.438478569457246,30.18091583251953,4005500
2020-10-16,30.26724708042322,30.54350234139087,30.120484620596514,30.37084197998047,3588200
2020-10-19,30.465806741125025,30.60393437794586,29.757902190765428,29.870128631591797,2328700
2020-10-20,30.129119194828224,30.50896935213683,29.97372520019687,30.077320098876953,2782300
2020-10-21,30.10321104809097,30.61255718103618,29.990984639281564,30.21544075012207,3727600
2020-10-22,30.215439779623,30.733417429985046,30.172275524296428,30.621191024780273,2377200
2020-10-23,30.742054945136108,30.776587669705616,30.45716490727046,30.698890686035156,2785600
2020-10-26,30.301768691104797,30.301768691104797,29.51616737817161,29.56796646118164,5815300
2020-10-27,29.619770322625484,29.740631575925303,28.160793868077825,28.359352111816406,8783700
2020-10-28,27.720510347446787,28.100360433174185,27.29749435656111,27.3924560546875,6551800
2020-10-29,27.349294069078372,27.996767880764466,27.15073582868129,27.711877822875977,4342500
2020-10-30,27.54785388981466,27.729145777113644,27.003976581306567,27.599651336669922,4503400
2020-11-02,27.90181111028427,28.307562515157016,27.642822183157726,28.031307220458984,3597700
2020-11-03,28.48021514855139,29.257181718528486,28.48021514855139,29.0672550201416,2955100
2020-11-04,28.903230307714487,29.63703593052545,28.411150478560135,28.9722957611084,3898000
2020-11-05,29.542074576725458,30.077318703839886,29.473009118660475,29.775165557861328,3656300
2020-11-06,29.757900004575077,30.077319523777575,29.6888345446273,29.965089797973633,2745700
2020-11-09,31.346365320435112,32.011105467311474,30.759322159381234,30.802486419677734,6855700
2020-11-10,31.001050655849333,31.26003956101081,30.776594482902077,31.09601402282715,4779100
2020-11-11,31.33773867305821,31.355005040328532,30.86292509940425,31.06148338317871,2605300
2020-11-12,30.94855428660443,31.009356680384084,30.02782711675516,30.32315444946289,3449500
2020-11-13,30.66191858880091,31.278630617037106,30.609804132798402,31.122283935546875,2519300
2020-11-16,31.660815716412174,32.251470418706845,31.33074319136935,32.121177673339844,4042900
2020-11-17,31.81715948021013,31.990882002324586,31.49577165457985,31.686866760253906,2818500
2020-11-18,31.791111095922812,31.843228866516473,31.348121643066403,31.348121643066406,2736600
2020-11-19,31.122276791622316,31.660813698754254,30.97461146871788,31.556581497192383,2319000
2020-11-20,31.48708967964634,31.74767182809188,31.287309922055364,31.530519485473633,2795100
2020-11-23,31.73898658567096,31.999568729135827,31.530518882810036,31.817161560058594,1976000
2020-11-24,32.13855214436849,32.65103189218285,32.077749743228004,32.57285690307617,4320600
2020-11-25,32.54679710419699,32.59022691393704,32.21672458590491,32.399131774902344,1872400
2020-11-27,32.399131583672755,32.65971375405706,32.18197922277216,32.21672439575195,1416200
2020-11-30,32.21672894384206,32.50336837768555,31.843226565286503,32.50336837768555,5297500
2020-12-01,32.82474616522088,32.9289783532015,32.3383237655088,32.4686164855957,3680900
2020-12-02,32.39913035328568,32.96372779557895,32.347015909277154,32.83343505859375,3837400
2020-12-03,32.42519693596534,32.746581550055545,32.18198400246668,32.2427864074707,3848000
2020-12-04,32.30358107116683,32.96372604370117,32.242778680733636,32.96372604370117,3507000
2020-12-07,32.816064671443684,32.859497795670066,32.43387769801951,32.6423454284668,2604900
2020-12-08,32.50336880164464,32.98979135792929,32.459938985463396,32.94636154174805,2854400
2020-12-09,33.00716131925319,33.389348310096175,32.67708877828561,32.71183395385742,4014500
2020-12-10,32.64235370398049,32.64235370398049,32.025638306526616,32.28622055053711,4140200
2020-12-11,31.52184242492932,31.747679457592746,30.792210245849855,30.957244873046875,6257000
2020-12-14,32.10380781453873,32.503367407844515,31.74767803555185,31.97351837158203,5757900
2020-12-15,32.12986852469906,32.23410074231495,31.53052581807221,32.15592575073242,4423900
2020-12-16,32.190676119504644,32.225417988658165,31.278633299452647,31.478416442871094,4582900
2020-12-17,31.704251834031165,31.791111472566893,31.478414785748587,31.782426834106445,4201700
2020-12-18,31.799801098551356,31.83454628118787,31.139655882389587,31.478416442871094,7085300
2020-12-21,30.974615352881717,31.304687898280445,30.42739042746742,31.226512908935547,5467200
2020-12-22,31.452348587147114,31.660816321018864,31.191766404919093,31.33074378967285,3339300
2020-12-23,31.573949813842773,31.89533767194357,31.443660394204635,31.573949813842773,4195600
2020-12-24,31.70424871762753,31.782423710018513,31.226514125674846,31.50446891784668,1190700
2020-12-28,31.66950154012011,31.834539465568234,31.400234716043332,31.43497657775879,1734600
2020-12-29,31.600017419597926,31.600017419597926,30.844324699973868,30.957244873046875,1888000
2020-12-30,31.09622159935421,31.4089215712527,31.052791784031086,31.243886947631836,2260100
2020-12-31,31.269943237304688,31.322061002220533,30.94855863736302,31.269943237304688,3562900
2021-01-04,31.313374063163078,31.46972404948037,30.236300061291214,30.331844329833984,4999800
2021-01-05,30.366589175371676,31.139651147326624,30.32315936042142,30.983301162719727,4774800
2021-01-06,31.443661886992942,32.633655872955174,31.269939339079432,32.05168914794922,5470400
2021-01-07,32.36438726364394,32.538109819639224,31.886652719768534,32.121177673339844,4477700
2021-01-08,32.25147327390471,32.33833290285089,31.7563660992501,32.095123291015625,4144900
2021-01-11,31.747676309681847,32.66840356520909,31.617386873807956,32.607601165771484,5620900
2021-01-12,32.74657271006864,33.04190001757095,32.39044301397601,32.53810501098633,3860500
2021-01-13,32.48600369487759,32.538118155589885,32.155931085273366,32.28622055053711,2763700
2021-01-14,32.8942371970109,33.65861440019676,32.555480059656354,33.0332145690918,5223400
2021-01-15,32.79868988693344,33.03321482541763,32.31227073761684,32.83343505859375,4854200
2021-01-19,33.19825863763208,33.64124805789003,33.10271105531619,33.467525482177734,4017300
2021-01-20,33.50226151898738,33.73678643518692,33.11138665865482,33.39802932739258,3220200
2021-01-21,33.44145857177287,33.52831817773549,32.95503616333008,32.95503616333008,2823800
2021-01-22,32.572857930725505,32.86818530850338,32.38176277055086,32.65971755981445,4314700
2021-01-25,32.781318903239274,33.467517783556794,32.61628100320956,33.406715393066406,4799900
2021-01-26,33.6499408107086,33.65862544966631,32.24279072878252,32.28622055053711,5583200
2021-01-27,31.400228959306897,32.103800403919855,30.427384113019624,30.601106643676758,9009500
2021-01-28,31.339425924995428,32.05168530388336,31.209133201316238,31.652122497558594,5476000
2021-01-29,31.44366135775403,31.678186296467597,30.87906391490856,31.157018661499023,5565800
2021-02-01,31.408915751795707,31.608695516052798,30.92249329524677,31.18307876586914,3455300
2021-02-02,31.634753163252327,31.869278101877995,31.295996023064784,31.556581497192383,4356800
2021-02-03,31.37417431924865,31.782421845955596,30.931184930669726,31.565269470214844,3891900
2021-02-04,31.877967879219796,32.46862257773804,31.75636308484524,32.38175964355469,3636800
2021-02-05,32.538113555570376,32.72920872045439,32.44256597312837,32.50336837768555,2226500
2021-02-08,32.59892093439142,32.91162095610464,32.5554911121497,32.72921371459961,2295000
2021-02-09,32.703145654818805,32.81606249256002,31.51314837584982,31.556581497192383,7023600
2021-02-10,31.652124902000313,32.24277955084672,31.626067680677693,32.086429595947266,3898000
2021-02-11,32.173293301482545,32.173293301482545,31.487091073203274,31.93008041381836,3536900
2021-02-12,31.634757923799977,32.103807871636164,31.530525706552748,32.03432083129883,2865500
2021-02-16,33.39803469513401,34.014746621953705,33.311171760276345,33.528324127197266,8140600
2021-02-17,33.28511581488247,33.6759907530482,32.89424087671674,32.91161346435547,5733500
2021-02-18,32.69445650976184,33.076646757318066,32.48599211426011,32.624969482421875,4261800
2021-02-19,32.76395301838359,33.241687604280365,32.66840543850774,33.05928039550781,3857300
2021-02-22,32.84212126283479,33.27642594506146,32.66839872724776,32.96372604370117,3205500
2021-02-23,32.84212910182623,32.91161614455764,32.19067192299181,32.70315170288086,4285200
2021-02-24,32.70314550287425,33.74547414061401,32.58153740255481,33.55438232421875,4117200
2021-02-25,33.432025639746215,33.53690949249167,32.680350804309064,32.942562103271484,6186000
2021-02-26,33.187291482805925,33.895261570064044,32.986262733695774,33.423282623291016,8023300
2021-03-01,33.98265716122506,34.76929072153262,33.842810972668424,34.49834060668945,5593200
2021-03-02,34.507085642979234,34.69937543660603,33.84281696329978,33.86029815673828,3859400
2021-03-03,33.76414939459325,34.445899189664246,33.624303197291596,33.72918701171875,4567900
2021-03-04,33.554381350349125,33.65052624451921,31.74511955666525,32.30450439453125,6818000
2021-03-05,32.732792440779654,32.898858808881116,31.43921388693323,32.74153137207031,3875300
2021-03-08,33.029962306352374,33.274692364620265,32.70656520455898,32.87263488769531,3550000
2021-03-09,33.16980438268427,33.90399779988111,33.126103068343284,33.58060073852539,4267700
2021-03-10,33.75541676646289,34.42842782500855,33.70297651137966,34.06133270263672,4538600
2021-03-11,34.29731733160952,34.961585998535156,34.29731733160952,34.961585998535156,5959600
2021-03-12,34.90040278891058,35.783181350599286,34.70811300283724,35.61711502075195,7048400
2021-03-15,35.625856189070966,36.377530853657795,35.47727104263706,36.35131072998047,8360700
2021-03-16,36.27264395921448,36.35130765779509,35.512230429066214,35.82688522338867,3591600
2021-03-17,35.678294165644104,36.228940015740356,35.52970904255257,36.10657501220703,4392400
2021-03-18,35.96673179362974,37.19038526441026,35.95798953025611,36.18524169921875,7091500
2021-03-19,36.2027292737941,36.587308944731454,35.46853899479904,36.08036422729492,13059000
2021-03-22,35.93177895608454,36.09784532814749,35.70452672673793,35.80941390991211,5189000
2021-03-23,35.75696350147709,35.9142909120474,34.57701125639657,34.84796142578125,4903900
2021-03-24,35.040253262462166,35.66082067681355,34.91788823249958,35.18009948730469,3820700
2021-03-25,34.97906028548122,36.141531056635635,34.69936791945026,36.02790832519531,4512900
2021-03-26,36.4649365189433,38.011987152748745,36.37753055041947,37.94206237792969,7458500
2021-03-29,37.86340955566982,38.56264083384237,37.63616064058788,37.93333435058594,8213900
2021-03-30,37.959553852647616,38.19554503028291,37.67111907969414,38.10813903808594,3703300
2021-03-31,37.98577102547734,38.48397347251606,37.907107305724,38.02947235107422,4404900
2021-04-01,38.35286403849926,38.51019145561985,37.93332537091001,38.44900894165039,3782800
2021-04-05,39.279349017838804,40.065986203683636,38.98217534031935,39.7513313293457,5685900
2021-04-06,39.42792698682584,39.646436887365375,38.929724680331404,39.05208969116211,5570700
2021-04-07,39.07831486757836,39.14823964521101,38.65877620437317,38.711219787597656,3445100
2021-04-08,38.70247178126232,38.9646863242848,38.44026057243626,38.9559440612793,4043400
2021-04-09,38.99091240808279,39.18320221325523,38.816103797398476,39.113277435302734,3953200
2021-04-12,39.087056910640165,39.53281569583606,39.03461332771252,39.37548828125,4606900
2021-04-13,39.33179038345295,39.47163661589289,39.13950056352408,39.32305145263672,3130900
2021-04-14,39.34926371581235,39.96983103986448,39.30556240207002,39.54155349731445,3110300
2021-04-15,39.698873923275585,40.21455738026688,39.63769142280172,40.11841583251953,3392000
2021-04-16,40.29323622409848,40.48552606029787,39.978584675132375,40.03102493286133,3735400
2021-04-19,40.73025689216547,40.75648035570252,40.14465177559926,40.258277893066406,4554700
2021-04-20,40.02227581743235,40.188342148313374,39.54155468345329,39.82124710083008,2920000
2021-04-21,39.69013451925964,40.433066778506365,39.576508447943205,40.4243278503418,2834900
2021-04-22,40.42434312779236,40.42434312779236,39.812514564964665,39.847476959228516,2844800
2021-04-23,40.25826154164561,40.64283773061391,40.03100939901275,40.4243278503418,3563900
2021-04-26,40.50299702315168,40.92253564995996,40.267005920410156,40.267005920410156,5037500
2021-04-27,39.81251326331961,39.85621458762192,38.66752322929133,38.90351104736328,5730800
2021-04-28,38.83358623260575,38.92098887364192,38.30042145337278,38.772403717041016,4708100
2021-04-29,39.07831483146688,39.62896078512599,38.95594980491972,39.462894439697266,4205600
2021-04-30,38.990909769732994,39.02587215634349,38.33538002467144,38.641292572021484,4473200
2021-05-03,38.999651191573165,39.454152243964494,38.89476735923575,39.156978607177734,5375200
2021-05-04,39.00839179790935,39.31430435180664,38.55389076483568,39.31430435180664,3551400
2021-05-05,39.39296237451667,39.98730953710442,39.20941486865183,39.69013595581055,3498600
2021-05-06,39.6027336604706,39.97857093797366,39.34051912513632,39.91738510131836,3730900
2021-05-07,39.98731967677241,40.398119437662665,39.78629092877426,40.20582962036133,3285200
2021-05-10,40.59914062718298,40.59914062718298,39.52407230497822,39.54155349731445,3747100
2021-05-11,38.90350521416673,39.62022082888898,38.46648536827577,39.45415115356445,5698800
2021-05-12,39.20068190666847,39.2269053667254,37.40016213475493,37.45260238647461,5691300
2021-05-13,37.49630486300557,38.35286337802409,37.46134247442598,38.04694747924805,4705500
2021-05-14,38.352870185598256,38.955956491756986,38.20428167485923,38.702484130859375,2591900
2021-05-17,38.457747284369674,38.73743972515661,38.10813006628756,38.62381362915039,3136400
2021-05-18,38.74617846570939,38.74617846570939,37.88961669272649,37.91584014892578,3447800
2021-05-19,37.225352425838494,37.775998392150356,36.665967529228276,37.74977493286133,4366300
2021-05-20,37.91584511515371,38.41404750363924,37.714816373676825,38.19553756713867,3863400
2021-05-21,38.405303626696586,38.702477261229284,37.90710125912659,38.04694747924805,3222900
2021-05-24,38.274212793890094,38.719971731427975,38.26547052664929,38.46649932861328,2390400
2021-05-25,38.62380436280828,38.66750900523091,38.081900805567756,38.29167175292969,2526600
2021-05-26,38.466490745970624,38.49271420764401,38.09065669342309,38.27420425415039,2326900
2021-05-27,38.59937987440802,38.82788446554923,37.9050857153481,38.07206726074219,9831000
2021-05-28,38.36209047309372,38.52907201382179,38.0984308210565,38.344512939453125,3692100
2021-06-01,38.529071431345024,38.775150193449726,37.84356439258382,37.89629364013672,4697400
2021-06-02,37.81719021938366,38.00175261329086,37.54474687814599,37.68536376953125,6313600
2021-06-03,37.439285817682766,38.116005729667584,37.14047447151508,37.94902420043945,4630000
2021-06-04,38.19509953000594,38.282987184288245,37.92265618315881,38.15115737915039,3270200
2021-06-07,38.406025519417284,38.406025519417284,37.254722423428454,37.43928146362305,7051700
2021-06-08,37.6677836969835,38.0896343426702,37.55353143276494,37.79961013793945,5256900
2021-06-09,37.931454292440414,37.96660936436686,37.53596811469835,37.57991027832031,4892300
2021-06-10,37.81720213992479,38.212688319287395,37.79962460388954,37.825992584228516,3374600
2021-06-11,37.8347751298451,38.04570218435152,37.755677903476666,37.93144989013672,3473900
2021-06-14,37.6150611458005,37.7205229972196,36.16494979292958,36.43739318847656,10490100
2021-06-15,36.50769928767517,36.61316112743295,35.927654140150246,36.05069351196289,5329900
2021-06-16,35.98916885849039,36.05068853590518,35.33881367251416,35.46185302734375,6114800
2021-06-17,35.33003145779912,35.38276070138816,34.30176762438428,34.556636810302734,5104100
2021-06-18,34.213874360329896,34.53026314932697,33.85354342898779,34.01173782348633,8693300
2021-06-21,34.16114689392384,34.81150209676687,34.16114689392384,34.6181526184082,4102900
2021-06-22,34.78513913880403,35.567320825771034,34.67088686408499,35.28608703613281,7767900
2021-06-23,35.35638811106499,36.01553032794369,35.17182909495592,35.91006851196289,7251300
2021-06-24,36.14737149394649,36.2352558095072,35.65521061011994,36.033119201660156,3858800
2021-06-25,36.20888482963467,36.358288810377466,35.86613136551069,35.945228576660156,9508500
2021-06-28,36.173730307431356,36.22646289984028,35.795821776595446,36.02432632446289,2693900
2021-06-29,36.0419001566627,36.323137294238954,35.85734111386021,35.901283264160156,3205700
2021-06-30,35.88370889605181,36.0418999657796,35.725514473752874,35.945228576660156,3385000
2021-07-01,36.033113948010914,36.11221116151184,35.804612749325614,36.103424072265625,3027600
2021-07-02,36.20009475122678,36.31434702460463,36.01553570755029,36.208885192871094,1957200
2021-07-06,36.03310708144502,36.13856889515875,35.171828338879926,35.52336883544922,3650400
2021-07-07,35.540951069101965,35.8837078760542,35.43548924142415,35.72551345825195,2890200
2021-07-08,35.02242382383602,35.54094919877374,34.82028726785296,35.24213790893555,2778600
2021-07-09,35.67278690581457,36.129792706528924,35.584902593303646,36.05948257446289,2882200
2021-07-12,36.11221788191744,36.340719123126334,35.8749261972552,35.96281051635742,2889200
2021-07-13,35.7079411855348,35.79582549611045,35.29487755017184,35.655208587646484,3265100
2021-07-14,35.927662176368656,36.25283821068978,35.60248278947534,35.82219696044922,2681200
2021-07-15,35.47064952389469,35.87492271665716,35.45307199126525,35.655208587646484,2329200
2021-07-16,35.90129212108585,35.90129212108585,34.97849332684578,34.996070861816406,3070100
2021-07-19,34.28420007472341,34.65332165017947,34.07327633381058,34.56543731689453,4240800
2021-07-20,34.7763512882402,35.45307119265803,34.670889447410715,35.25093460083008,4322100
2021-07-21,35.46184992704579,35.93643312781542,35.3739656391569,35.91006851196289,3620200
2021-07-22,35.954023928965775,35.97160146354675,35.444288836405356,35.53217315673828,2331400
2021-07-23,35.88370984468597,36.3055605311116,35.72551541820495,36.226463317871094,3827400
2021-07-26,36.19130395349483,36.50769276884507,36.041896633992394,36.08584213256836,4994500
2021-07-27,35.32123904133093,35.936439218532904,34.46875057609782,35.611263275146484,7221400
2021-07-28,35.71672225755361,36.12099538219898,35.60246999099871,35.892494201660156,3639600
2021-07-29,36.25283616632226,36.94713371206426,36.17373893512922,36.7537841796875,3680600
2021-07-30,36.58680000587808,36.98228613352001,36.5252803140862,36.788936614990234,3237400
2021-08-02,37.008649173821965,37.404135284536586,36.094637574075186,36.121002197265625,4090000
2021-08-03,36.25282557457161,36.80650603115768,35.84855244550858,36.648311614990234,3047300
2021-08-04,36.48133323964993,36.71862490606334,36.32314214794594,36.55164337158203,3160700
2021-08-05,36.44617786170035,36.55163969642301,35.86613274186881,35.936439514160156,4570600
2021-08-06,36.05069818803151,36.208892644473,35.8046194124878,35.96281051635742,3584800
2021-08-09,35.99796315243802,36.01554068558502,35.602477038059554,35.81340408325195,2131700
2021-08-10,35.945236334594476,35.99796558502706,35.64642495604631,35.96281051635742,3654100
2021-08-11,36.033121245227555,36.05948587087665,35.65521263225478,35.98038864135742,2547400
2021-08-12,35.93643487290114,36.0155320768704,35.294870152959746,35.47064208984375,2435300
2021-08-13,35.435491496032576,35.52337579926061,35.25971953700524,35.42670440673828,2063800
2021-08-16,35.303663591432574,35.514590624148276,35.13668206527075,35.497013092041016,1861400
2021-08-17,35.15425900991925,35.62005186897783,35.04000672941702,35.479434967041016,5330500
2021-08-18,35.365188267952284,36.08585035486865,35.242145537503,35.672786712646484,5548300
2021-08-19,35.268510090821614,36.04190134888281,35.21577749717464,35.936439514160156,4419800
2021-08-20,35.68157373681322,36.182521690143695,35.242145472307776,35.30366516113281,7405100
2021-08-23,35.4618510017726,35.70793304994661,35.0048486678154,35.514583587646484,5419700
2021-08-24,35.7079316158092,35.81339343075053,35.46184957751858,35.58489227294922,4560900
2021-08-25,35.514585105878254,35.962800370969525,35.48822048809963,35.874916076660156,3380200
2021-08-26,36.02432731255426,36.15615376833555,35.30366194015045,35.32123947143555,3841800
2021-08-27,35.321243212850796,35.95402099585633,35.321243212850796,35.81340408325195,2333600
2021-08-30,36.01673248839765,36.01673248839765,35.397887638575504,35.41556930541992,2628600
2021-08-31,35.48629090803915,35.69846752762044,35.194551850101966,35.35368347167969,7084400
2021-09-01,35.34484656759658,35.3625282364068,34.5315100369273,34.61991500854492,6171000
2021-09-02,34.796730211057245,35.044266842955984,34.46962775141481,35.00890350341797,4365500
2021-09-03,35.04426287563007,35.247596996303876,34.91165542602539,34.91165542602539,2787500
2021-09-07,34.67295968995371,35.06194628283179,34.47846470729794,34.964698791503906,5241400
2021-09-08,34.876303438146024,34.92934508627267,34.257458354671535,34.460792541503906,5679200
2021-09-09,34.37238741332043,34.65528744368238,34.062963186563415,34.133689880371094,4182700
2021-09-10,34.26629848983954,34.496156879774496,34.00992264751369,34.32818603515625,4059000
2021-09-13,34.62876059964796,34.88513978644703,34.186728914449894,34.434268951416016,3727900
2021-09-14,34.59339821849771,34.59339821849771,33.70049238802422,33.82426071166992,3866000
2021-09-15,33.87730206787237,34.31933367457471,33.56788129215415,34.16020202636719,3777700
2021-09-16,34.071791186073476,34.4696202380772,34.045267000984595,34.33700942993164,4353000
2021-09-17,34.107160264468064,34.21324690539881,33.80657863813635,33.939186096191406,8691700
2021-09-20,33.399915405162425,33.62977378620657,33.037449532686054,33.5855712890625,4303300
2021-09-21,33.70049858575706,33.78006443308108,32.95788513487771,32.98440933227539,3985400
2021-09-22,33.231930155031804,33.32033511098052,32.82526196177505,32.99323272705078,5101300
2021-09-23,33.2054144985091,33.52367441280017,33.17889030965978,33.408748626708984,4178200
2021-09-24,33.3026595057399,34.14252022982264,33.20541538547293,33.939186096191406,6287900
2021-09-27,33.903823886339744,34.31049553956515,33.83310058084421,34.01875305175781,3559600
2021-09-28,33.9745462092569,34.08947535994283,33.178888046713084,33.24961471557617,4535800
2021-09-29,33.28498106368172,33.488315196423514,32.683817813647956,32.82526779174805,4444100
2021-09-30,32.9667218718123,33.125853538529434,32.2506293715852,32.25947189331055,5332500
2021-10-01,32.515844152217525,32.895991606609826,32.0207709073781,32.692657470703125,3663900
2021-10-04,32.55120887546169,32.9578771645789,32.11801976779491,32.321353912353516,2834500
2021-10-05,32.277149281642686,32.895994260042336,32.14454181140736,32.6219367980957,3364400
2021-10-06,32.37439333222514,32.56004916665814,31.799754277593212,32.153377532958984,4537200
2021-10-07,32.507009890524785,32.9490415669707,32.356717366867464,32.65729904174805,2837400
2021-10-08,32.904832571906894,33.32033997240776,32.74570093003562,32.85178756713867,4494400
2021-10-11,32.84294394686893,33.24961214408078,32.61308566327411,32.63960647583008,4984900
2021-10-12,32.63077859128278,32.74570777274675,32.1268627442007,32.19758605957031,2530800
2021-10-13,32.285989162877065,32.639612427020275,32.02961001998059,32.577728271484375,3357900
2021-10-14,32.90483557910373,33.49715634386457,32.79874555987165,33.320343017578125,3694500
2021-10-15,33.50599511779866,33.824255022600504,33.373384294806236,33.55019760131836,2866900
2021-10-18,33.32918176730565,33.60323918822615,33.09048430969426,33.43526840209961,2183000
2021-10-19,33.6474423551886,33.762368128517224,33.34686077026557,33.51483154296875,2649000
2021-10-20,33.603250763844294,34.04528249559535,33.47064326777966,33.88615417480469,2455600
2021-10-21,33.70933280985888,34.02759612079911,33.58556449392293,34.00107192993164,2665100
2021-10-22,33.983389591834836,34.16904543452125,33.53251882515894,33.79773712158203,3274800
2021-10-25,33.94803736777751,34.39006908677235,33.74469980929763,34.133689880371094,6831900
2021-10-26,32.31249559737197,32.64844041534121,31.852782523422498,32.339019775390625,12074600
2021-10-27,32.25062392081044,32.44511889668896,31.154387482519414,31.28699493408203,7193800
2021-10-28,31.4196116021519,31.782077433068686,31.278161604048616,31.50801658630371,6065700
2021-10-29,31.401932072170613,31.835121245461753,31.30468455951181,31.446134567260742,3578800
2021-11-01,31.454975535094352,32.34787803254685,31.410769669754874,32.215267181396484,4179800
2021-11-02,32.26830053581222,32.736852861674286,32.11801143975565,32.67496871948242,4512300
2021-11-03,32.59541538935396,32.92252126321971,32.480489579823505,32.763389587402344,4301400
2021-11-04,32.77222868487206,32.834112850653995,32.197586148400895,32.418601989746094,3228400
2021-11-05,32.666141495319316,34.08064150800556,32.613096480180815,33.894989013671875,5353400
2021-11-08,34.08064152734806,34.31933903695572,33.72701821019282,34.009918212890625,4771700
2021-11-09,34.0452742472695,34.42542171426986,33.76237427728322,33.78889846801758,3607200
2021-11-10,33.73550657542298,34.05578093048921,33.504199204399285,33.69102478027344,3198400
2021-11-11,33.79779953941675,34.32269309046635,33.64655729907456,34.038002014160156,3465400
2021-11-12,34.17143878135986,34.94543293285299,34.05578339062155,34.8030891418457,3228400
2021-11-15,34.90984726612399,34.90984726612399,34.3404687452816,34.42943572998047,3067200
2021-11-16,34.429449617374885,34.74082570505832,34.31379418748754,34.38496780395508,2335700
2021-11-17,34.27820177620309,34.420545592126096,33.82448192349358,33.984619140625,3625900
2021-11-18,34.082487357269926,34.15365758132033,33.65545583173282,34.10028076171875,3171300
2021-11-19,34.09138315753721,34.09138315753721,33.486420967150735,33.49531936645508,4144300
2021-11-22,33.619859410536186,34.874265218697865,33.54868581309023,34.43833541870117,5476600
2021-11-23,34.6429580932435,35.13226814319643,34.43833906951058,35.078887939453125,5040200
2021-11-24,34.97212411440599,35.1322613007027,34.67853814161417,34.73191833496094,3115500
2021-11-26,33.922341292200365,34.31378590707615,33.521998280541034,33.77109909057617,2399800
2021-11-29,34.09137670728792,34.589581767974316,33.83337747619616,34.21592712402344,3639100
2021-11-30,33.98462412678479,34.05579434831612,32.899250250037674,32.99711227416992,8652800
2021-12-01,33.6465535753614,34.17144706832028,32.765802215456624,32.783592224121094,6961600
2021-12-02,32.9793080180524,33.61095837392301,32.83696422808517,33.388545989990234,4296100
2021-12-03,33.388549773942316,33.655447379904295,32.80138114956523,33.032691955566406,4880500
2021-12-06,33.36186759313367,33.82448589767448,32.85476747721761,33.50421142578125,4085900
2021-12-07,33.78889434332607,34.3760629947111,33.74441253820106,34.01130676269531,3500400
2021-12-08,34.01130484140388,34.26930404779648,33.86006603377345,34.091373443603516,3815900
2021-12-09,33.99351403036307,34.224824851552455,33.3885519662829,33.40634536743164,3850800
2021-12-10,33.66434344186395,33.9579260664145,33.308482218551134,33.45972442626953,3395500
2021-12-13,33.344077420424625,33.37966423047057,32.45442753174602,32.85477066040039,3884300
2021-12-14,32.81028812913154,33.18393944522972,32.64125248197244,32.72132110595703,3408100
2021-12-15,32.76580125259335,33.16614091692496,32.57897222966161,33.094970703125,3823900
2021-12-16,33.246214015457205,33.53980009558353,32.988218137650726,33.00600814819336,3628800
2021-12-17,32.81917741726172,33.02379644429974,32.40993936318568,32.6412467956543,8201600
2021-12-20,32.18752568467565,32.22311248636406,31.46690822233424,32.11635208129883,4663100
2021-12-21,32.32987111670669,32.36545792017722,31.81387264761707,32.258697509765625,4714700
2021-12-22,32.27649623349006,32.56118392070701,32.18753260388911,32.36546325683594,3014500
2021-12-23,32.51669523912026,32.93483167618266,32.4366266318901,32.69462585449219,2888300
2021-12-27,32.783593703341815,33.25511040409347,32.730216887451,33.246212005615234,2667400
2021-12-28,33.26399942819922,33.34406803138433,32.95262341233713,33.22841262817383,2472900
2021-12-29,33.18393243804202,33.6643440805049,33.18393243804202,33.370758056640625,2831900
2021-12-30,33.45083329336344,33.68214415687184,33.05938857770789,33.1038703918457,2084600
2021-12-31,33.06828192934973,33.2817993777764,32.99711170903731,33.12166213989258,2086600
2022-01-03,33.27289619380867,33.45082339772432,32.86365480106859,33.08606719970703,3179900
2022-01-04,33.290692592744634,34.2159291632725,33.21062737185224,33.81558609008789,5663000
2022-01-05,34.135859621668395,34.82978872759275,33.949033990503715,33.966827392578125,6190100
2022-01-06,33.993520335025806,34.349381636512504,33.593177219289494,34.10028076171875,4935200
2022-01-07,34.05579569442537,34.473932216338035,33.63766256625761,33.780006408691406,3811500
2022-01-10,33.72661734465477,33.89564955264253,33.05938012201422,33.45082473754883,4513400
2022-01-11,33.55758987648452,33.85117253116635,33.10386660050648,33.84227752685547,3925200
2022-01-12,34.04689853553913,34.42054982563971,33.60207363185099,33.95793151855469,3413100
2022-01-13,33.86896349588705,34.26930653595253,33.78889488787396,33.886756896972656,3856000
2022-01-14,32.77469981704927,33.557592616362506,32.58787416756667,32.99711227416992,6977800
2022-01-18,33.068282032087566,33.068282032087566,32.46332327944603,32.60566711425781,5984200
2022-01-19,32.7124255411616,32.7924941637771,31.982912932329178,31.99180793762207,3779100
2022-01-20,32.04518473052717,32.3743541911508,31.182223378188578,31.25339698791504,5343300
2022-01-21,31.253389622621572,31.76938459655906,31.039872237505012,31.19111442565918,4961200
2022-01-24,30.701811890432975,31.52029143880766,30.18581679158886,31.43132781982422,6119100
2022-01-25,30.870846000552092,31.644840307651474,30.470502947312976,31.404634475708008,7054100
2022-01-26,36.11977165441484,36.582389844082684,34.61626508330223,34.90985107421875,14576100
2022-01-27,35.78170935741078,37.08059700825937,35.594880355067446,36.084190368652344,11405500
2022-01-28,36.1820457368286,37.4898316673745,36.1820457368286,37.47203826904297,8744800
2022-01-31,37.04501762399711,37.72115338152866,36.80481176753812,37.40087890625,8506000
2022-02-01,37.516517639160156,37.61437962677608,37.16065987679912,37.516517639160156,5396900
2022-02-02,37.83679163376778,38.112584196759904,37.516517275130084,38.02362060546875,4487000
2022-02-03,38.20156072352728,38.415078166166296,37.81011603805781,37.90797805786133,4817200
2022-02-04,37.765635499458625,38.11259838590768,37.18736175954704,37.534324645996094,3877400
2022-02-07,37.96134974194803,38.050316745082135,37.46314809937365,37.543216705322266,3539700
2022-02-08,37.87237842778163,38.112584196759904,37.64107105417855,38.02362060546875,3571700
2022-02-09,38.39728247824594,38.41507588021909,38.04142122627185,38.21045684814453,3302200
2022-02-10,37.80121994018555,38.67307630106986,37.61439091062536,37.80121994018555,4791800
2022-02-11,37.89018269001902,38.16597533209629,37.03611975123996,37.2496337890625,4232400
2022-02-14,37.50762140563922,37.587689993446006,36.50231655734151,36.73362731933594,5875100
2022-02-15,37.20514485511826,37.56100604166043,37.036112658069825,37.445350646972656,3271600
2022-02-16,37.3296963422696,37.75672774234275,37.160664140285604,37.71224594116211,3177400
2022-02-17,37.089492499865564,37.374180114931555,36.7425296811129,36.7959098815918,3292100
2022-02-18,36.733636252029285,37.44535532019312,36.70694445377399,37.098392486572266,3436300
2022-02-22,36.78701650005423,37.25853318420928,36.24433299304614,36.5823974609375,4620600
2022-02-23,36.6001846523532,36.80480365674542,35.710535036520625,35.79060363769531,4448900
2022-02-24,34.92764507950917,36.146467589349285,34.51840703961481,36.03970718383789,7095400
2022-02-25,36.1292676423627,36.89950046602305,35.86058264763619,36.8099365234375,4237800
2022-02-28,36.1740596252945,36.59500175053834,35.815813988430875,36.18301773071289,6192500
2022-03-01,35.94120026402504,36.13823416924228,34.2126548956805,34.54403305053711,4837100
2022-03-02,34.86645718879343,35.878507883781296,34.651507068528765,35.672515869140625,4509000
2022-03-03,35.600860876333364,35.86954593549308,35.22470247681294,35.502342224121094,3436600
2022-03-04,34.956007679635455,35.24260547977912,34.570891245095794,34.794795989990234,4394600
2022-03-07,34.767932516809026,34.767932516809026,33.37972362193848,33.39763641357422,5324200
2022-03-08,33.39763603792463,34.04247944697965,32.50201696530567,33.11103820800781,5288500
2022-03-09,34.11413241267845,34.1768254777484,33.666322852741224,33.7021484375,5224900
2022-03-10,33.12895265421611,33.29016095214541,32.716965263680954,33.1468620300293,4537700
2022-03-11,33.469282328311685,33.594668446370605,32.58262139831479,32.636356353759766,4923800
2022-03-14,33.09313004041768,33.26329645804567,32.04525380245383,32.43037033081055,5109900
2022-03-15,32.699058808253504,33.01252760998568,32.42141901463857,32.77070999145508,4190400
2022-03-16,33.012520949035306,33.970833123640254,32.70801031490279,33.415550231933594,6257300
2022-03-17,33.218511000300985,33.773793859677085,32.896087592755,33.76483917236328,5001400
2022-03-18,33.82753640052645,34.087266779326875,33.37076871139246,34.05144119262695,10071600
2022-03-21,34.06038877584778,34.38281215585567,33.63945017773995,33.85439682006836,4707300
2022-03-22,34.12307791989642,34.42758847538669,33.91708598772871,34.33802795410156,6076700
2022-03-23,34.21264688754715,34.43655164019273,33.54988731644948,33.6304931640625,3128800
2022-03-24,33.81857706587234,34.499249522356024,33.65736876461659,34.34699249267578,5614000
2022-03-25,34.481326275927785,34.669405417469285,34.18577041077843,34.36489486694336,2937800
2022-03-28,34.257431698575594,34.26638638660237,33.540937078379145,33.988746643066406,2995000
2022-03-29,34.346985425701384,34.49924242405439,34.13203879057559,34.32011795043945,3802600
2022-03-30,34.17682113858917,34.28429446270464,33.37076266643467,33.65736389160156,6188700
2022-03-31,33.424504258892576,33.54989038520049,33.048345879968835,33.05730056762695,5091300
2022-04-01,33.37972189616943,33.37972189616943,32.170634147136084,32.5647087097168,3552400
2022-04-04,32.54680516872486,32.84235775814019,32.260207268951504,32.77070999145508,3459800
2022-04-05,32.53784539421878,32.64531873570924,31.821347340239925,31.946733474731445,3987700
2022-04-06,31.54370716691268,31.606400233317526,31.060072011918802,31.2750186920166,4926100
2022-04-07,30.95259870843192,31.06902673674081,30.227145975084184,30.818254470825195,5690100
2022-04-08,30.827204949819425,30.916768901500166,30.406266334723906,30.531652450561523,5120400
2022-04-11,30.424183164138977,30.737648495348314,30.07489224750118,30.155494689941406,3757300
2022-04-12,30.316702525101448,30.621213129212006,30.021150024458645,30.048017501831055,4106900
2022-04-13,30.021148524646208,30.36148469259424,30.021148524646208,30.334613800048828,3283800
2022-04-14,30.397309457061137,30.504786203411996,30.101756945885164,30.173404693603516,4153300
2022-04-18,30.20922768988778,30.558518544340775,30.056974103696582,30.334613800048828,3727700
2022-04-19,30.442095414390113,31.140677235217325,30.40626982960005,31.086938858032227,5414000
2022-04-20,31.346671002533743,31.61535607068083,30.988421967326953,31.051115036010742,4961000
2022-04-21,31.525796098354178,31.695962514114633,30.898861983501657,31.024248123168945,4529600
2022-04-22,30.88094234393847,30.988415666040126,30.173402522362352,30.271921157836914,6401900
2022-04-25,30.07489266725382,30.854080370360567,29.743511122189318,30.82720947265625,8555700
2022-04-26,32.42141344945084,32.91400329160019,31.552661793094956,31.794479370117188,11680800
2022-04-27,31.866129778222046,32.484105738142105,31.212324817192506,32.30498123168945,9747100
2022-04-28,32.69009688911451,32.869221390988145,31.991515089974623,32.60053634643555,5692600
2022-04-29,32.35871054931442,32.84234213986674,31.445178897025855,31.516826629638672,5097000
2022-05-02,31.516835725051696,32.23333375704235,31.346669321537615,32.20646286010742,6268100
2022-05-03,32.278113016827064,32.62740391737591,32.08107572256229,32.35871887207031,3985900
2022-05-04,32.47514543627025,33.41554817738435,32.21541850683019,33.379722595214844,4594300
2022-05-05,32.940869497309066,33.066255625019,32.206462106565965,32.71696472167969,4575300
2022-05-06,32.59158154158436,33.15582258382532,32.09899167395257,33.01252365112305,4858800
2022-05-09,32.47514951917535,32.887136932890314,31.892999110050543,32.027339935302734,5157200
2022-05-10,32.44827865928285,32.60949036601475,31.624310750667064,32.242286682128906,4904100
2022-05-11,31.83925802140813,32.304980358997604,31.194414598720602,31.239194869995117,5455000
2022-05-12,31.08693852190612,31.561618973952495,30.889904640722808,31.534748077392578,5022500
2022-05-13,31.7944757034703,32.00046767128558,31.382491767839753,31.83030128479004,4047400
2022-05-16,31.64222260105992,31.821343677420845,30.979463002371688,31.52579116821289,4072300
2022-05-17,32.01838659858727,32.537847377736846,31.94673542221513,32.50202178955078,4123900
2022-05-18,32.09002762545131,32.09002762545131,30.289831678407086,30.50478172302246,7807200
2022-05-19,30.209233605759632,30.58539542642178,29.734556548189616,30.021154403686523,5558600
2022-05-20,30.46896601564542,30.495833498732086,28.874764910868247,29.671865463256836,6053300
2022-05-23,29.45690786818918,30.460000174702976,29.44795318160646,30.236095428466797,5442000
2022-05-24,30.092795597596655,30.20027233235974,29.089703322080815,29.797243118286133,6117800
2022-05-25,29.564384161825576,30.307749633986546,29.50169109989822,30.182363510131836,5132900
2022-05-26,30.522707167837797,31.624318489056794,30.48688157612747,31.543712615966797,7748900
2022-05-27,31.850569446225403,32.21158260994897,31.597856444418436,32.17548370361328,4260400
2022-05-31,31.994961406358115,32.707966999004235,31.59784262417141,32.32889938354492,6618900
2022-06-01,32.48233758003445,32.63576735647631,31.79640691042418,31.985939025878906,3257500
2022-06-02,32.040102019908936,32.96971514579777,31.81446749864197,32.951663970947266,3842200
2022-06-03,32.617726532452494,32.82530988325362,32.17548478945738,32.34696578979492,3501300
2022-06-06,32.68089789364715,32.969709758241564,32.24768009675553,32.392086029052734,2537100
2022-06-07,31.967897995746615,32.3830681402585,31.606884819839735,32.34696578979492,3016600
2022-06-08,32.21156852127085,32.355974412182015,31.97691023963072,32.32889938354492,3812400
2022-06-09,31.958864084552474,31.958864084552474,30.893869180984314,30.920944213867188,5370100
2022-06-10,30.49676101685889,30.52383605616716,29.855959838561162,30.03646469116211,3986200
2022-06-13,29.251258694445244,29.431766996925088,28.502152165626974,28.82706642150879,5153100
2022-06-14,28.953424054163765,29.46787049845959,28.76389015700199,28.971471786499023,6157300
2022-06-15,29.242233988629177,29.864983999240774,28.935370916101125,29.549097061157227,6837100
2022-06-16,28.664603668074754,28.80900959313674,27.942572321310415,28.31261444091797,7330900
2022-06-17,28.402868741669348,29.21515255452028,27.996727695971146,28.77290916442871,11791400
2022-06-21,29.323462581985915,29.476892396961205,28.827065624616072,28.989521026611328,4131600
2022-06-22,28.65558498595575,29.04367664859989,28.46605280919735,28.47507667541504,3764200
2022-06-23,28.55630325012243,28.628506225008834,28.19528837569039,28.52922821044922,4409200
2022-06-24,28.854140244268027,29.60324674147531,28.790962857502482,29.5671443939209,8747400
2022-06-27,29.792777288604505,30.46968077550585,29.359559470136745,30.045490264892578,5223900
2022-06-28,30.20795209519565,30.48773671001769,29.30541397169805,29.332489013671875,3740900
2022-06-29,29.404692341095224,29.55812216231831,28.854141839186703,29.224184036254883,3994700
2022-06-30,28.718756843907922,28.881213947797,28.222361667761962,28.4389705657959,7291100
2022-07-01,28.312616287119255,28.827062643880257,27.70791579094564,28.799985885620117,4709500
2022-07-05,27.933556733747263,28.592409177236874,27.64474307659579,28.565332412719727,3819200
2022-07-06,28.601428156075993,29.052695410229997,28.438971049424197,28.799985885620117,3303900
2022-07-07,29.025623447905183,29.63934959517322,29.007572273819722,29.476892471313477,4165900
2022-07-08,29.440786559808327,29.621294835905903,29.07977345052218,29.4317626953125,2634200
2022-07-11,29.179053739729444,29.458838302336655,29.025620497056302,29.287357330322266,3187300
2022-07-12,29.26028105937502,29.87400719058015,29.061725035450536,29.206130981445312,2858400
2022-07-13,28.66460834406647,29.260281591027155,28.610456543698167,29.097827911376953,2819100
2022-07-14,28.673636523223987,28.926346095424925,28.28554485568129,28.872194290161133,5245700
2022-07-15,29.314433553006488,30.045490565624554,29.097826363059127,29.964262008666992,4126800
2022-07-18,30.15379566760672,30.469682603279335,29.45884096621758,29.576171875,4795900
2022-07-19,29.991335323960584,30.902900571113335,29.946209115556062,30.857770919799805,4681200
2022-07-20,30.74045018567336,31.11049068412704,30.659221615626954,31.06536102294922,3144500
2022-07-21,30.98413437812513,31.45345115661621,30.911929678105214,31.45345115661621,3876200
2022-07-22,31.444421357556024,31.516622601043235,30.7223917081392,31.020227432250977,4481300
2022-07-25,31.137569628728993,31.498586305936307,30.740454038129105,31.1285457611084,9166000
2022-07-26,30.334303716791403,31.606882200436395,30.036464514514595,31.534677505493164,7669800
2022-07-27,31.59785532351369,32.95166238599843,31.408323161064082,32.44624328613281,6201300
2022-07-28,32.527474449806526,33.114122158069605,32.455269748101095,32.753108978271484,4242300
2022-07-29,32.807247694664476,33.330721271927956,32.62674288876112,33.17728805541992,5555100
2022-08-01,32.78921081835303,33.285606084661445,32.698954942627196,32.843360900878906,3560000
2022-08-02,32.71699959433849,32.9697091101639,32.50038897869604,32.59064483642578,3617000
2022-08-03,32.76213389477367,33.0689970010394,32.58162557763328,32.94264221191406,2746600
2022-08-04,32.97874285440203,33.02386907062047,32.698954805192336,32.933616638183594,3161200
2022-08-05,32.57259268062238,32.74407364076379,32.21157614643024,32.310855865478516,4652500
2022-08-08,32.52746635641881,32.744073521820205,32.328906919043526,32.4011116027832,2271300
2022-08-09,32.2657370678478,32.41014302609941,31.85057036823814,31.931798934936523,3925800
2022-08-10,32.5816206860506,33.25852419151904,32.5816206860506,33.21339797973633,4035300
2022-08-11,33.39391649243408,34.034717847476905,33.39391649243408,33.52027130126953,3938800
2022-08-12,33.70979455990938,33.89933016572496,33.610518267131916,33.88127899169922,2146600
2022-08-15,33.66466574497585,34.05275734926729,33.502208634206916,33.55636215209961,2740500
2022-08-16,33.38488055948716,33.99860320304981,33.31267587029797,33.73686981201172,2329900
2022-08-17,33.33073056764086,33.35780560749571,32.256711524182016,32.83433532714844,6209600
2022-08-18,32.93361332421394,33.38488232680826,32.807255111443745,33.26755142211914,2397500
2022-08-19,32.99678326232449,33.023858294638806,32.49136085403686,32.662841796875,3676600
2022-08-22,32.157439975537145,32.247692426639986,31.63396611899175,31.715194702148438,3813700
2022-08-23,31.61590402770859,31.98594445816437,31.55272664516071,31.62493133544922,2902500
2022-08-24,31.54370094988528,31.760308122363085,31.24586178409214,31.570775985717773,6094300
2022-08-25,31.814466098778638,32.374038722884364,31.751288711036512,32.355987548828125,2808800
2022-08-26,32.3289131117762,32.40111780934697,31.200740534053946,31.263917922973633,4841600
2022-08-29,30.948030193249476,31.354172999507878,30.839723149640974,31.011207580566406,3685100
2022-08-30,31.265918023387425,31.593405655666036,31.138562493096394,31.402372360229492,4941500
2022-08-31,31.538823012405057,31.738955113031587,31.220434188842773,31.220434188842773,7606900
2022-09-01,31.0657858979894,31.12036485044605,30.338034143576945,30.811071395874023,4162700
2022-09-02,31.211337160787867,31.384176302756455,29.937774995213616,30.15610122680664,6728900
2022-09-06,30.25616346348561,30.301650552601846,29.737642573195213,29.82861328125,3840400
2022-09-07,29.97416697921332,30.45629965118861,29.865005585029476,30.010555267333984,6926700
2022-09-08,29.801324328680654,30.365332383693865,29.337385801031107,30.11971664428711,9251200
2022-09-09,30.474491167682935,30.701912743561167,30.147003543189825,30.60184669494629,3781500
2022-09-12,30.87475241599093,31.238628331643177,30.801979314967227,31.220434188842773,5960400
2022-09-13,30.465399059028716,30.58365579248545,29.81951907777488,29.946874618530273,4591300
2022-09-14,29.892295655451232,30.046940677746143,29.501130225886403,29.946874618530273,5312600
2022-09-15,29.82861119398597,30.074226883280357,29.43744585216648,29.664867401123047,5695900
2022-09-16,29.328286958554727,29.41015886190436,28.973508132343373,29.16454315185547,9532200
2022-09-19,28.882540111183637,29.482932932168058,28.837056490083487,29.446544647216797,3779700
2022-09-20,29.182740818016484,29.200931491910783,28.70060467554174,28.837059020996094,3433200
2022-09-21,28.973507166587552,29.164542179732,28.254854202270508,28.254854202270508,3838000
2022-09-22,28.24575877067001,28.454987937224292,27.845498050063803,27.9455623626709,4238900
2022-09-23,27.672655917440913,27.83639972078316,27.190521578165285,27.572589874267578,3842700
2022-09-26,27.336074735382653,27.772725511824735,27.172332646192057,27.19052505493164,3586000
2022-09-27,27.4179435130337,27.572590247719422,26.54464553016528,26.835744857788086,4705700
2022-09-28,26.899423917864468,27.290589308906355,26.717487696858456,27.226911544799805,6081100
2022-09-29,26.8812305484114,27.090459724465248,26.581034126782555,26.944910049438477,4571000
2022-09-30,26.8357503379267,27.217818717226177,26.362712966396074,26.39910125732422,4342400
2022-10-03,26.726583037328698,27.290589313241487,26.49916145971835,27.172330856323242,4152000
2022-10-04,27.81820291906628,28.727889086118925,27.70903981558095,28.682405471801758,6731500
2022-10-05,28.29124460578873,28.64602171168312,28.036531814196717,28.491374969482422,3968200
2022-10-06,28.50047312023396,28.746088849812107,28.354923443837055,28.64602279663086,4709000
2022-10-07,28.200280754713955,28.273055603387068,27.481627605863885,27.709049224853516,4182000
2022-10-10,27.890982178684208,27.981951156874505,27.317880565736534,27.40884780883789,3438100
2022-10-11,27.145038602502197,27.627172953198478,26.863036342893253,27.19961929321289,3860600
2022-10-12,27.22691256868173,27.618077974433593,27.081362892367874,27.363365173339844,3604600
2022-10-13,26.662904777889757,28.07291957393313,26.526452180876245,27.818206787109375,5873900
2022-10-14,28.200278801310994,28.354925560915294,27.326980677726084,27.472530364990234,4636800
2022-10-17,28.063823032421865,28.673312930001135,28.036531818468546,28.43679428100586,5790200
2022-10-18,29.109962100074405,29.200929343565978,28.309438905761496,28.655118942260742,5379200
2022-10-19,28.245757470670153,28.727891809546705,28.22756506427183,28.58234214782715,3717800
2022-10-20,28.664217478925615,29.200930836300376,27.927372011425284,28.10930824279785,5433700
2022-10-21,28.172985850908674,29.382868636282936,28.03653324438011,29.28280258178711,14456900
2022-10-24,29.300995208981398,29.519321450235257,28.918928624509498,29.410160064697266,7771900
2022-10-25,27.13594374057378,28.909832816421513,26.954005776608724,28.864347457885742,15604600
2022-10-26,28.59144267721551,29.66487286356439,28.500473693864258,29.464740753173828,7357600
2022-10-27,29.692160324012324,29.95597018427473,29.082670432639055,29.21002769470215,4848100
2022-10-28,29.346475145409862,29.673962731079158,29.228218438500626,29.555706024169922,3517400
2022-10-31,29.346480293959655,29.39196738786533,29.055382672978233,29.26460838317871,4122500
2022-11-01,29.619386672973633,29.71944924932061,29.08266989121557,29.619386672973633,4012800
2022-11-02,29.52841423313302,29.955967872271565,28.873440771273845,28.882537841796875,3869300
2022-11-03,28.454986902550516,29.255510049743403,28.26395188526714,29.000797271728516,3546400
2022-11-04,29.61938957547839,30.028745667480745,29.4465469435699,29.919584274291992,3736600
2022-11-07,30.17429474065773,30.21978183456674,29.701260889642075,30.092426300048828,3255700
2022-11-08,30.338034426245976,30.501778225496675,29.64667441732558,30.00145149230957,4569700
2022-11-09,29.828613714501255,29.946870431423594,29.082669513416967,29.16454315185547,4365800
2022-11-10,30.838369369506836,30.89294833086087,30.17429526482243,30.838369369506836,5408100
2022-11-11,31.08398368127142,31.729863684610454,30.92933865368858,31.347793579101562,3783000
2022-11-14,31.220433165798017,31.657082168165662,30.883850210464626,30.920238494873047,4856000
2022-11-15,31.36598971510347,31.666187922071174,30.67462951054471,31.25682830810547,4641000
2022-11-16,31.111274115884054,31.111274115884054,30.174294808078063,30.456298828125,4376700
2022-11-17,29.95189852846121,30.54800323873152,29.942729247585017,30.529661178588867,2862100
2022-11-18,30.905673533945468,31.20830886716504,30.859820119626292,31.079917907714844,3315000
2022-11-21,30.942354383604407,31.0432304850531,30.703911057003396,30.868986129760742,3035300
2022-11-22,31.015719685870543,31.41006531125539,30.99737762208625,31.162452697753906,3400300
2022-11-23,31.171626571737246,31.391724348083574,30.73142402226243,31.1074275970459,3657500
2022-11-25,31.189960558581525,31.520110673020703,31.180791276909577,31.29084014892578,1414700
2022-11-28,30.988207761993078,30.997377044518895,30.162832399033842,30.364591598510742,5444100
2022-11-29,30.45628858116104,30.74058522511734,30.153653378075727,30.639705657958984,3194900
2022-11-30,30.667221841124643,31.364206143417427,30.254537726103482,31.300010681152344,7799900
2022-12-01,31.49259715428897,31.8594313668583,31.290837987536804,31.400890350341797,4394300
2022-12-02,30.99738042089131,31.189966860428875,30.813963264878325,31.180797576904297,3118000
2022-12-05,30.933182286314274,30.979035696784493,30.62137419736941,30.722253799438477,3193300
2022-12-06,30.713080542844267,30.731419105946816,30.21785537770297,30.520490646362305,2982800
2022-12-07,30.373760223388672,30.648884172287847,30.25454206117988,30.373760223388672,2179800
2022-12-08,30.53883643358366,30.703911508769863,30.36459207572753,30.557178497314453,2327100
2022-12-09,30.52965982509132,30.740588259795167,30.19033697508112,30.282047271728516,4742900
2022-12-12,30.153660713809987,30.77727682760147,30.09863452786699,30.71308135986328,4068500
2022-12-13,31.382553620951096,31.584309323585966,30.92401252654043,31.1716251373291,3034800
2022-12-14,31.08908371980049,31.510940634387495,30.593858560038107,30.933177947998047,4078700
2022-12-15,30.47463605781883,30.538831521355178,29.979410911918116,30.071121215820312,3739700
2022-12-16,29.759313586469798,29.869362454267627,29.172379877832253,29.621749877929688,9870500
2022-12-19,29.68594718778595,29.805168842706156,28.97062425504601,29.11735725402832,5007800
2022-12-20,28.99813810673088,29.23657792441688,28.787207884631155,28.933940887451172,3933100
2022-12-21,29.117357906392115,29.493361443357927,29.034820373965925,29.3741397857666,2783600
2022-12-22,29.080674803453295,29.144872024748903,28.365351829542202,28.95228385925293,3020900
2022-12-23,28.8514026001258,29.190723753519478,28.713840632229303,29.11735725402832,1988600
2022-12-27,29.163214293732462,29.32828937545324,29.02565230869699,29.25492286682129,2320000
2022-12-28,29.181550718727756,29.37413711072015,28.768864843374686,28.81471824645996,1923500
2022-12-29,29.071505238726626,29.502531476014962,29.016479049579026,29.32828712463379,2136200
2022-12-30,29.14487009068846,29.328285463203862,28.96145296897775,29.291603088378906,2592900
2023-01-03,29.475021718839123,29.85102528563088,29.291606326050378,29.841856002807617,3548700
2023-01-04,30.740592935887655,31.35503627413551,30.43795415850064,31.28167152404785,5799200
2023-01-05,31.070739948207752,31.648499104403783,30.859811502524877,31.538450241088867,5257100
2023-01-06,31.960313226901953,32.67563972082879,31.9144598166429,32.44636917114258,5306100
2023-01-09,32.62061120471595,32.794855550638886,32.354656546419854,32.48304748535156,6845500
2023-01-10,32.48304499727615,32.99661221205645,32.44636437352719,32.868221282958984,3129900
2023-01-11,33.01495715458995,33.400129975499276,32.78568661879419,33.390960693359375,3592900
2023-01-12,33.51018524169922,33.87701603157631,33.29925675038191,33.51018524169922,4315500
2023-01-13,33.32676758427035,33.35427893102987,33.0516436215022,33.07915496826172,3643300
2023-01-17,33.09749188156719,33.409299923751476,32.96910095214844,32.96910095214844,4565500
2023-01-18,33.08832102692894,33.54686203784498,32.87738908332411,32.95992660522461,3013600
2023-01-19,32.59310387549401,32.99661880447464,32.48305148708836,32.78569030761719,3311000
2023-01-20,32.81319509974988,33.01495427312615,32.14372561346279,32.868221282958984,5978200
2023-01-23,32.98744995542679,33.50101378118057,32.89573963054848,33.115840911865234,4697500
2023-01-24,33.060818941420564,33.20755198158409,32.53808226718853,32.840721130371094,3470000
2023-01-25,32.54724328799784,32.68480349559382,32.12538288888854,32.6114387512207,4334800
2023-01-26,32.75817803557206,33.41847485542266,32.75817803557206,33.409305572509766,4777900
2023-01-27,33.31759289066229,33.968720313094245,33.290078049980224,33.748619079589844,4588700
2023-01-30,33.583555785955994,34.02375490867884,33.31760455445521,33.37262725830078,6646400
2023-01-31,33.37261447139897,33.37261447139897,31.56596175500974,31.740209579467773,14063400
2023-02-01,31.657675344442822,32.63895293738039,31.382551406884836,32.35465621948242,6855300
2023-02-02,32.5472529674648,33.326771537506566,32.07953902672662,33.28091812133789,4848800
2023-02-03,32.92325278928195,33.4184745246708,32.684809455214165,32.776519775390625,3572600
2023-02-06,32.34547374562902,32.473864630899925,32.10703053150655,32.11620330810547,4514600
2023-02-07,31.92363271151963,32.41885444182992,31.822753109555563,32.27212142944336,5692500
2023-02-08,32.04285162396499,32.49222345269205,31.932802736714073,32.22626876831055,4396500
2023-02-09,32.53806881149898,32.932414349810486,31.987821013031397,32.097869873046875,3346100
2023-02-10,31.905287688615374,32.36382874709485,31.83191944003115,32.327144622802734,3656800
2023-02-13,32.22626224521411,32.77651356687136,32.22626224521411,32.71231460571289,3596600
2023-02-14,32.556411655748946,32.66646051841629,32.14372404775858,32.45553207397461,2868300
2023-02-15,32.2079262202262,32.68480938900474,32.162072809426355,32.67564010620117,2746000
2023-02-16,32.373004159609586,32.65730092912618,32.30880867913669,32.41885757446289,1976900
2023-02-17,32.262956925270885,32.64812982793802,31.98783292359558,32.629791259765625,4389100
2023-02-21,32.18957781452307,32.363825638981105,31.630160715550804,31.740209579467773,6262900
2023-02-22,31.74021925207053,31.868610215498265,31.4742645430323,31.56597137451172,2746100
2023-02-23,31.822751998901367,31.92363159734461,31.437575668335427,31.822751998901367,2688700
2023-02-24,31.38255226461131,31.57513867632647,31.309184013448906,31.465089797973633,3243400
2023-02-27,31.862675830046168,32.186297703658425,31.67774954900709,31.723983764648438,3472100
2023-02-28,31.66850860172078,31.77946297271611,31.34489021666113,31.39112091064453,4687400
2023-03-01,31.3726154214654,31.85342220701433,31.2616610947001,31.742467880249023,3563900
2023-03-02,31.474336108132924,31.992125500167685,31.400364179456133,31.90890884399414,3849700
2023-03-03,32.177053204012985,32.741076839762364,31.955144462614577,32.611629486083984,5187200
2023-03-06,32.78730249707556,33.295847105768495,32.593131496385126,32.79655075073242,5976500
2023-03-07,32.8797687349555,32.8797687349555,31.363376046512744,31.84418296813965,5688900
2023-03-08,31.927401715527772,32.20479291992882,31.576045637057625,31.78870964050293,3901000
2023-03-09,31.890420870887297,32.05685066379236,31.289411267575538,31.39112091064453,3406400
2023-03-10,31.27091328281444,31.381867636062797,30.53121171586657,30.75312042236328,3257700
2023-03-13,30.31855506932413,30.882578752791225,30.179859448834264,30.577449798583984,3667800
2023-03-14,31.14147195276248,31.307905278306684,30.65142023153564,31.030517578125,4199800
2023-03-15,30.466493024011797,30.642171072605706,30.06890270551032,30.337045669555664,3346600
2023-03-16,30.02266582506539,30.873321708881797,30.004172845785664,30.817846298217773,3622700
2023-03-17,30.688401959761265,30.76237389258766,30.2538291995218,30.346290588378906,6649900
2023-03-20,30.521964498040262,30.993526687905533,30.29080753007603,30.725383758544922,4381600
2023-03-21,31.030513209661635,31.317145597721126,30.873324634476177,31.132219314575195,2877900
2023-03-22,31.20619136881976,31.224684349929007,30.29080820337716,30.30005645751953,4138900
2023-03-23,30.392516184660707,30.938046752630566,29.93945051721346,30.198345184326172,3971800
2023-03-24,29.96719221720886,30.39252023476616,29.689804533026958,30.374027252197266,3581900
2023-03-27,31.187695692221705,31.344884254477087,30.771612471163568,30.836336135864258,3872900
2023-03-28,30.836338746318077,31.09523695421308,30.743877368111242,31.021265029907227,3835500
2023-03-29,31.36337744478085,31.899663332988425,31.261671336111878,31.77021598815918,3682800
2023-03-30,32.056849592044124,32.38971622107732,31.890419804703264,32.1955451965332,3862400
2023-03-31,32.36197780382421,32.7133374075892,32.29725413039062,32.620872497558594,4261600
2023-04-03,32.48217577976262,32.55614417003724,32.05684430877672,32.31574249267578,4885000
2023-04-04,32.334237948823024,32.343482675624806,31.714735437840645,31.834938049316406,3277000
2023-04-05,31.613020253973804,31.92739381764276,31.483572938435085,31.677743911743164,4021600
2023-04-06,31.46509008787895,31.705495345974633,31.354135714160297,31.529813766479492,3104700
2023-04-10,31.34488370701151,32.26026325017633,31.34488370701151,32.25101852416992,4549100
2023-04-11,32.38971365997366,32.58388819633984,32.33423824430514,32.343482971191406,3087900
2023-04-12,32.5653953651215,32.602377800012064,32.0938331667182,32.12157440185547,2997200
2023-04-13,32.251021965713676,32.39896228782897,31.862676415676336,32.2972526550293,3241400
2023-04-14,32.26951960954353,32.6116309925219,31.908911715555725,32.15856170654297,2575500
2023-04-17,31.973634080766793,32.306497157834706,31.945892845629523,32.12157440185547,3466900
2023-04-18,32.24177913091832,32.31575106799732,31.72398968006968,31.899667739868164,3697400
2023-04-19,31.566804324881936,31.687006971413425,31.28017185715298,31.43735694885254,5080500
2023-04-20,31.095241087891573,31.465090177060663,31.05825512082188,31.418859481811523,3620700
2023-04-21,31.391124929127304,31.391124929127304,30.882580175857687,31.067502975463867,17674700
2023-04-24,31.06749926089489,31.317149243125538,30.965793144142452,31.12297821044922,6597700
2023-04-25,31.44659496382874,31.89966421036809,30.346288975341327,30.411012649536133,7704500
2023-04-26,30.17985423342032,30.263070885898244,29.680554318552755,29.81000518798828,6084200
2023-04-27,29.699048128918584,30.309302421732813,29.61583147411775,30.281564712524414,4596500
2023-04-28,30.179852984353744,30.72538356642526,30.179852984353744,30.71613883972168,3867100
2023-05-01,30.71614101805501,30.891819055284966,30.58669367197234,30.614431381225586,3330900
2023-05-02,30.33704121514455,30.51271923794352,29.67130803034785,30.041160583496094,3682100
2023-05-03,30.11513139805555,30.198348052842935,29.208996449912725,29.28296661376953,4549900
2023-05-04,29.125779849898905,29.282966668838696,28.820652702967283,29.005578994750977,4855900
2023-05-05,29.440153068279503,29.449399559095713,28.92236192768623,29.10728645324707,4009500
2023-05-08,29.024069464985807,29.190502770583876,28.857636159387738,29.098039627075195,4578200
2023-05-09,28.802160598003905,28.96859391295902,28.598743081718695,28.8114070892334,3321400
2023-05-10,29.070302034093704,29.144272196477136,28.70969594933516,28.931608200073242,3638000
2023-05-11,28.792912170079415,28.839144623117146,28.524770996811586,28.64497184753418,3645400
2023-05-12,28.69120081694822,28.80215516359143,28.432304402134825,28.65421485900879,2636400
2023-05-15,28.654219701748936,28.885376687174713,28.515525863211035,28.848392486572266,3081400
2023-05-16,28.589493019051133,28.81140349007397,28.29361239102068,28.32135009765625,3696400
2023-05-17,28.478541090007447,28.644974408648384,28.321354262800774,28.497034072875977,2549800
2023-05-18,28.3675846096572,28.95009941797826,28.293614447273768,28.931608200073242,2802300
2023-05-19,29.135026573478694,29.329197594172914,28.885376606653697,28.959346771240234,4233500
2023-05-22,28.98708436906334,29.310704479539133,28.839144049460874,29.125778198242188,4027400
2023-05-23,29.107286833604665,29.449399943923847,28.450801849365234,28.450801849365234,5264200
2023-05-24,29.218240436788477,30.401764720655063,28.95934400368363,29.15351676940918,10349900
2023-05-25,29.282963752881482,29.37542688956598,28.432306069841896,28.700448989868164,5811100
2023-05-26,28.774419491683883,29.319948301132655,28.774419491683883,29.15351676940918,3766300
2023-05-30,29.3027853456883,29.340102704714816,29.004253591034615,29.069557189941406,3613900
2023-05-31,28.733708837486446,28.92962141878663,28.43517707492394,28.743038177490234,10774100
2023-06-01,28.799015045166016,28.957610271008914,28.528469515450013,28.799015045166016,5786200
2023-06-02,29.125528804832914,29.470707226931566,29.097542567493466,29.396074295043945,5700000
2023-06-05,29.340100650683784,29.340100650683784,28.95760664438755,28.966934204101562,3081700
2023-06-06,28.85498545488409,29.31211239083647,28.817668098778846,29.18150520324707,3003100
2023-06-07,29.256139210506348,29.797228438177672,29.13485957809976,29.750581741333008,7049100
2023-06-08,29.80655907698469,29.89052135557594,29.452051283068382,29.554672241210938,2999400
2023-06-09,30.655506292614458,31.047327846839675,30.45959551550185,30.58087158203125,7148700
2023-06-12,30.655513480579828,30.72081708826279,30.403626611468525,30.627527236938477,2988000
2023-06-13,30.77678871154785,31.10330670304041,30.65550907523096,30.77678871154785,3143900
2023-06-14,30.80477547755751,31.177938394385702,30.776789237459692,31.01001739501953,5057000
2023-06-15,31.38318184402934,31.775007018424677,31.261902199718946,31.569765090942383,5271200
2023-06-16,32.6146241148487,33.603512766349404,32.22280252538075,33.444915771484375,21262900
2023-06-20,32.80120667915796,32.97845879094647,32.493347373548524,32.558650970458984,7432300
2023-06-21,32.41871031528774,32.63327976945776,32.06420255854737,32.11084747314453,4493700
2023-06-22,32.03621876646685,32.166825960818045,31.756345698745836,32.13883972167969,4393000
2023-06-23,31.625740135230128,31.784333576897826,31.51378805534541,31.588422775268555,5962000
2023-06-26,31.728364041925108,32.101530600489035,31.70037779560583,31.84964370727539,4643400
2023-06-27,31.924265497670024,32.49334266727639,31.793658322765996,32.36273193359375,2990200
2023-06-28,32.27877269200071,32.55864930303119,32.08286191130252,32.44669723510742,4363900
2023-06-29,32.446697025761914,32.50267305936264,32.241458686783744,32.38139343261719,3720100
2023-06-30,32.65193740674187,32.8105308230751,32.37206436929698,32.68925476074219,4382500
2023-07-03,32.62395258040353,32.9131531894563,32.5586489874704,32.801204681396484,1598600
2023-07-05,32.521336995936295,32.829196333573925,32.38139866869588,32.63328552246094,3785300
2023-07-06,32.2787795248009,32.484021467328,31.980247731368596,32.3254280090332,2888700
2023-07-07,32.25078686871677,32.73590182628162,32.21346951226279,32.372066497802734,2521400
2023-07-10,32.241461933299476,32.71724581108795,32.21347213429125,32.67060089111328,2575300
2023-07-11,32.85718378025649,33.03443589778634,32.78254906206757,33.025108337402344,3057900
2023-07-12,33.35162957617492,33.37961581882798,33.03443911058179,33.17437744140625,3269200
2023-07-13,33.351627550932385,33.5568694746706,33.28632394952102,33.41693115234375,3101000
2023-07-14,32.58663524728794,32.58663524728794,31.187266439847956,31.30854606628418,7177000
2023-07-17,31.261901062168455,31.551105262299156,31.187269901386557,31.345863342285156,4100000
2023-07-18,31.261901602195984,31.84963757316561,31.261901602195984,31.37385368347168,5660000
2023-07-19,31.448484302292155,31.597750182635252,31.215256141832356,31.345863342285156,4044300
2023-07-20,31.140625049464457,31.317877170642767,30.60886512715022,30.963369369506836,5432400
2023-07-21,31.010022207944854,31.21526059848174,30.832766503069593,30.991363525390625,3503100
2023-07-24,31.121966369533165,31.22458732976562,30.944710689575544,30.963369369506836,5238800
2023-07-25,31.439153513493853,31.924268464491057,30.842090053429274,31.719026565551758,7632300
2023-07-26,31.43915409739928,32.101521163286584,31.14994992159345,32.092193603515625,6166700
2023-07-27,32.3720702689949,32.3720702689949,31.457816282039946,31.541778564453125,6549400
2023-07-28,31.85896368569039,31.8869499222213,31.33653139818097,31.49512481689453,4955200
2023-07-31,31.34585929822157,31.802987999609535,31.28988682455122,31.663049697875977,7930000
2023-08-01,31.625740645437915,31.830979010978965,31.40184004083569,31.47647476196289,4404000
2023-08-02,31.24324679560169,31.775006731292024,31.168612073999128,31.541778564453125,3979600
2023-08-03,31.3272022112947,31.569757885777584,30.92604956755951,31.31787109375,5121900
2023-08-04,31.3085542822904,31.53245135731979,30.83276676998823,30.879411697387695,4784100
2023-08-07,31.121964874622837,31.28988942715908,30.76745709051531,30.888736724853516,3256300
2023-08-08,30.496916462792843,30.646182360179573,30.142412180736674,30.627527236938477,3382600
2023-08-09,30.664833846254197,30.71147876097045,30.356974562103815,30.375633239746094,3620100
2023-08-10,30.496907897157843,30.76745337230212,30.403618072035744,30.468921661376953,2916200
2023-08-11,30.24502335845213,30.394292783845604,30.142405966662583,30.25435447692871,2621200
2023-08-14,30.086431625442945,30.254356179682638,29.983810669098784,30.18905258178711,2914300
2023-08-15,29.94649252991198,30.049113483580697,29.675948805771085,29.750581741333008,3362500
2023-08-16,29.526684424693478,29.843874861685855,29.526684424693478,29.619976043701172,3096100
2023-08-17,29.834548236956763,30.09576265868272,29.79723265359154,29.881193161010742,2177600
2023-08-18,29.65729584469197,30.08643483631212,29.638637163476368,29.993144989013672,2629400
2023-08-21,29.983810012756294,30.067772288038213,29.713266287484203,29.85320281982422,1992400
2023-08-22,29.983806258665,30.086427199914255,29.79722483203556,29.815881729125977,2666300
2023-08-23,29.843874715584445,30.15173581122995,29.759912436827523,30.03978729248047,1803500
2023-08-24,29.834542939367232,30.161064467325264,29.722594429759972,29.806556701660156,2414200
2023-08-25,29.96515030339732,30.384961665369023,29.77856885982394,30.25435447692871,3112500
2023-08-28,30.468928009552513,30.61819389611452,30.38496572593767,30.4596004486084,1861400
2023-08-29,30.543561344949026,30.730141025592584,30.431609266027742,30.692827224731445,2746300
2023-08-30,30.589326207774462,30.833967566448546,30.57991858136106,30.824556350708008,2649100
2023-08-31,30.993915680177004,31.1632816338386,30.843368564625177,30.881006240844727,3617100
2023-09-01,31.200919344723513,31.295009946050556,30.78691567382761,30.918643951416016,3018200
2023-09-05,30.862192635865906,30.881011477166687,30.29764175415039,30.29764175415039,2820500
2023-09-06,30.11885997963596,30.19413533340034,29.52608092604716,29.977724075317383,6148800
2023-09-07,29.526082039139776,29.958906366285785,29.526082039139776,29.657812118530273,2933000
2023-09-08,29.6013552275303,29.657811744269477,29.347308080857033,29.516674041748047,2744300
2023-09-11,29.733088394410974,29.78954312235232,29.1026715826317,29.19676399230957,2177600
2023-09-12,29.14030152437349,29.54489754717649,29.102665644979044,29.53548812866211,3271800
2023-09-13,29.544901965109997,29.638994369660637,29.347309530750668,29.41317367553711,2402000
2023-09-14,29.591946038396177,29.7048554765792,29.441398924376703,29.62017250061035,2763300
2023-09-15,29.43199392498036,29.667224050291274,29.28144678835445,29.384946823120117,5427900
2023-09-18,29.272038107192113,29.78954367807937,29.25321926597278,29.70486068725586,3196800
2023-09-19,29.77072318615693,30.10945513066924,29.686040200028852,29.996543884277344,4069200
2023-09-20,30.109456353174846,30.278822332307605,29.695450825812927,29.751907348632812,2021700
2023-09-21,29.53549451664014,29.59195103993692,29.23440023771116,29.337902069091797,2831100
2023-09-22,29.46022086235311,29.582541534481596,29.2814472564168,29.375537872314453,2605300
2023-09-25,29.121489427217256,29.41317427204266,29.055623486431692,29.14030647277832,2632800
2023-09-26,28.76393779811526,28.952122605514525,28.32170583378932,28.340524673461914,3522200
2023-09-27,28.481661374176575,28.538116096534008,28.124110611698555,28.284067153930664,2466300
2023-09-28,28.321707546693045,28.66043770796954,28.23702455770806,28.528709411621094,2925000
2023-09-29,28.698077659200546,28.970945488546217,28.556939931284738,28.669849395751953,3036800
2023-10-02,28.481661748475528,28.54752589120198,28.18997512402511,28.42520523071289,2611900
2023-10-03,28.237023837891126,28.54752752469957,28.12411259056833,28.24643325805664,2767900
2023-10-04,28.302885524083905,28.359340245506132,27.85124416337962,28.293476104736328,2658500
2023-10-05,28.23702500086644,28.293479729521295,27.757155320641495,27.92652130126953,2602600
2023-10-06,27.75715250903073,28.058246757575784,27.44664884088573,27.832426071166992,2561900
2023-10-09,27.55014792850541,27.83242330984536,27.484281997840522,27.700695037841797,2857400
2023-10-10,26.995006246722486,27.907698370664306,26.844459129261217,27.521921157836914,4182400
2023-10-11,27.67247367577321,27.76656609121509,27.258468124627075,27.380788803100586,3066200
2023-10-12,27.540742518188605,27.63483492388407,26.2140448024063,26.46809196472168,5720800
2023-10-13,26.439865686326026,26.57159397843357,26.15758846724266,26.279909133911133,3741000
2023-10-16,26.533958246717866,26.84446193324769,26.289318706624158,26.72214126586914,5693400
2023-10-17,26.458685336183674,26.740960769241468,26.289319358483624,26.52454948425293,4151200
2023-10-18,26.2799059604647,26.383407774429845,25.931764637367582,25.969402313232422,3150300
2023-10-19,25.931770943866614,26.279912351630273,25.752997324021113,25.809452056884766,3904600
2023-10-20,25.762400318674256,25.809447416488158,25.55539847228292,25.564807891845703,4367300
2023-10-23,25.53657785619432,25.61185141279537,25.282530724330233,25.338985443115234,4442100
2023-10-24,24.07815343602882,25.329577509571177,23.767649772508186,25.273122787475586,10372900
2023-10-25,24.896751349836094,25.395439776412758,24.830887213142844,25.197847366333008,7805100
2023-10-26,25.282530724330233,25.64007966951945,25.21666479197405,25.338985443115234,3872000
2023-10-27,25.38602993134426,25.470712904145838,24.915569768963547,25.019071578979492,4266800
2023-10-30,25.17903236398571,25.291941817039792,24.812073949564834,25.08493995666504,3744800
2023-10-31,25.141393692759404,25.301350240504114,25.047303083808785,25.179031372070312,3975700
2023-11-01,25.11316821726026,25.160213523588894,24.849709835695062,25.08493995666504,3155200
2023-11-02,25.244896042147246,25.78122042085807,25.13198479652548,25.762401580810547,3373700
2023-11-03,26.16699788734511,26.62804870438489,26.16699788734511,26.279909133911133,3887100
2023-11-06,26.317545568422343,26.3457738293183,26.044679558415098,26.08231544494629,2750200
2023-11-07,25.931765115656155,26.138768747404445,25.743582116850575,25.847082138061523,3310800
2023-11-08,25.800038841738704,25.959995390217134,25.630672873389383,25.696537017822266,2145700
2023-11-09,25.865903140052097,25.8941313998327,25.433080591396312,25.47071647644043,2621400
2023-11-10,25.630670366516803,26.110539965017242,25.348394976652152,26.044675827026367,4537000
2023-11-13,25.97881541098795,26.185817273568045,25.790630594341735,26.08231544494629,3103400
2023-11-14,26.439862948063993,26.844458997250193,26.42104410980808,26.778593063354492,5226100
2023-11-15,26.95737159604625,27.465469520510467,26.947962175815796,27.239648818969727,4819100
2023-11-16,27.040125766541717,27.211145831423746,26.726589584988243,26.9641170501709,3305500
2023-11-17,27.14463401143821,27.201640086386917,26.850100509981026,27.059123992919922,3059200
2023-11-20,26.888104391402628,27.030622299368503,26.622074829206017,26.878604888916016,3660200
2023-11-21,26.840601076718976,26.964114549796662,26.631577579129594,26.70758628845215,3479200
2023-11-22,26.888105500083903,26.964114208444222,26.679082005140657,26.755090713500977,2723500
2023-11-24,26.783595227087908,26.89760738595259,26.660079940762145,26.7930965423584,976600
2023-11-27,26.660082329138998,26.73609104592165,26.46056012715606,26.479562759399414,2689000
2023-11-28,26.384547090933392,26.565066631119947,26.194524423990178,26.375045776367188,5052600
2023-11-29,26.641077414754854,26.992616996276773,26.641077414754854,26.812095642089844,3565700
2023-11-30,27.011620326550958,27.087629033624648,26.622075476274485,27.068626403808594,7180600
2023-12-01,26.907107509504907,27.45817108545246,26.840600117747694,27.401165008544922,3638600
2023-12-04,27.43916683200944,27.5436794769807,27.106629892901633,27.420166015625,3449900
2023-12-05,27.28715174168921,27.344159632247912,26.88810556873109,27.040122985839844,4754700
2023-12-06,27.287149476017948,27.56268215426899,27.20163945947041,27.35365867614746,4608600
2023-12-07,27.467671771338114,27.743204459097907,27.3251556762374,27.56268310546875,4718500
2023-12-08,27.62919563576181,27.91422787898985,27.562688233154656,27.657699584960938,3790800
2023-12-11,27.743206089556118,28.056742242080286,27.714702143984617,28.02823829650879,5919700
2023-12-12,28.04724261113209,28.08524606198563,27.87622255181447,27.942729949951172,4178400
2023-12-13,27.999736700309143,28.275269427380994,27.686200521477115,28.199260711669922,5506400
2023-12-14,28.360774879511386,29.263378006308333,28.360774879511386,29.04485321044922,5375100
2023-12-15,28.95934648788085,29.14936917419285,28.7693256137595,28.940343856811523,7860400
2023-12-18,28.816829563071288,29.006852244001323,28.588803433269597,28.598304748535156,7148400
2023-12-19,28.740820633318872,28.89283805202399,28.65531060877342,28.864334106445312,4435800
2023-12-20,28.778826298277252,28.90233977313839,28.256264828472492,28.265766143798828,3642900
2023-12-21,28.474786707312624,28.6838119985504,28.33227061649895,28.6743106842041,3703500
2023-12-22,28.797827635740113,28.97834900581265,28.63630889666271,28.721818923950195,2973100
2023-12-26,28.645809333657677,29.025852880952176,28.645809333657677,28.930843353271484,2201700
2023-12-27,28.949840784898548,29.054353427749962,28.854831268332212,29.035350799560547,2896300
2023-12-28,29.082859229173035,29.14936661989714,28.987847894342675,29.10186004638672,3575000
2023-12-29,28.968846801905645,29.11136290561726,28.78832543736929,28.930843353271484,2855800
2024-01-02,28.683811285540862,29.1968695621548,28.579298642519905,28.968843460083008,4923400
2024-01-03,28.67431474496313,28.83583348734314,28.484292055507584,28.626808166503906,4439600
2024-01-04,28.579302572396383,28.864334786132673,28.36077775438585,28.769325256347656,4008600
2024-01-05,28.683812322168528,29.092359782716702,28.598302304277492,29.04485321044922,5701300
2024-01-08,29.1018605246261,29.842946773852823,29.04485444766728,29.757436752319336,6979700
2024-01-09,29.47240552359968,29.586417681262994,28.987849323054164,29.063858032226562,4271600
2024-01-10,28.97835122050112,29.29188740712055,28.816832469079547,29.158872604370117,2841500
2024-01-11,29.07335843091068,29.244378474205117,28.864333128132802,29.20637321472168,3779700
2024-01-12,29.367892049063446,29.462903385924193,29.05435590595635,29.0733585357666,4333700
2024-01-16,28.81682725306556,28.883334642402552,28.474787179686242,28.71231460571289,5246400
2024-01-17,28.455790154101084,28.57930363472714,28.227762200007206,28.36077880859375,2826000
2024-01-18,28.626807637923434,28.8168303238703,28.43678676416721,28.655311584472656,4969200
2024-01-19,28.702818111174395,29.03535692589189,28.332275844249875,28.921344757080078,5534500
2024-01-22,28.97834938228255,29.234879467477693,28.968848066661547,29.092363357543945,5276200
2024-01-23,29.08285967983634,29.29188316994974,28.7883243560791,28.7883243560791,6164200
2024-01-24,28.997349701475773,29.149367114909705,28.797825713724663,28.854833602905273,5495700
2024-01-25,29.073359467051176,29.51991040875303,28.98784944235648,29.28238296508789,4926900
2024-01-26,29.386896189509496,29.53891361142495,29.25388139838113,29.320388793945312,4596600
2024-01-29,29.263379877026683,29.624422600578168,29.234877744034574,29.595918655395508,7017200
2024-01-30,31.16359794376007,32.1802150494023,30.96407577335498,31.638652801513672,11379800
2024-01-31,31.657657373334448,31.724164767550523,30.74555286033018,30.869068145751953,10103800
2024-02-01,30.736050158500813,30.821560184302733,30.184988366740498,30.489023208618164,5168400
2024-02-02,30.356010478791056,30.802559644394453,30.260999131207637,30.641042709350586,4246800
2024-02-05,30.394008826981054,30.54602804490306,30.137478775237604,30.413009643554688,9026400
2024-02-06,30.50802617944781,30.593536206203165,30.35600875681398,30.441518783569336,3984500
2024-02-07,30.460522936714117,30.517527207812318,29.985466202004115,30.20399284362793,3955800
2024-02-08,30.127981469049654,30.222992813319703,29.956963223992357,30.146984100341797,3542500
2024-02-09,30.070974730232585,30.451018286817156,30.004467334354114,30.441518783569336,2844500
2024-02-12,30.432017442122067,30.764558065413866,30.31800527455016,30.574535369873047,3206300
2024-02-13,30.089976974544967,30.241994395225834,29.424899399923223,29.71943473815918,5065200
2024-02-14,30.013969587387866,30.22299309699133,29.84294952853472,30.165987014770508,3888800
2024-02-15,30.222989076187982,30.61253572074605,30.222989076187982,30.4320125579834,3589000
2024-02-16,30.33700533118473,30.603034907729317,30.146982651775243,30.318002700805664,3373900
2024-02-20,30.061471935731728,30.688544226291175,30.051970620760763,30.679044723510742,5561900
2024-02-21,30.593537941654237,30.84056490830411,30.451020014183747,30.641042709350586,3922400
2024-02-22,30.688547399416333,31.087595420695393,30.489025200967525,31.05908966064453,4716700
2024-02-23,31.13510018827157,31.13510018827157,30.840564830288965,31.05908966064453,2885300
2024-02-26,30.983076571349702,31.1350939718707,30.888063430786133,30.888063430786133,4089800
2024-02-27,31.030584209472828,31.125593734473767,30.726549380212553,30.81205940246582,2533800
2024-02-28,30.69705417744313,30.87914957113587,30.486210246802447,30.754558563232422,3000400
2024-02-29,30.91747799239759,31.051654874432145,30.792890657284822,30.898313522338867,6684800
2024-03-01,30.946231784397494,31.262496721314154,30.744971946728146,31.099573135375977,4710900
2024-03-04,31.013318929199134,32.163380909248,30.936646424420957,31.99087142944336,5846000
2024-03-05,31.818361232992117,31.895030080097225,30.936645727633284,31.147491455078125,6456700
2024-03-06,31.358336785349664,31.780024578952233,31.30083240878954,31.444591522216797,3831100
2024-03-07,31.492508148232613,31.530844397008725,30.91747538442865,31.24332618713379,6428200
2024-03-08,31.367921102256236,31.52126246064885,31.15707536348651,31.348752975463867,3836100
2024-03-11,31.43500881946721,31.569182055768575,31.109157964472548,31.53084945678711,3051300
2024-03-12,31.530849014129256,31.617103758532995,31.339171398126894,31.521263122558594,3366000
2024-03-13,31.626680293749175,31.665016541229193,31.243325130840567,31.367916107177734,3826800
2024-03-14,31.300833821901158,31.377506327442795,30.879146009261014,31.17624282836914,3889600
2024-03-15,31.051652864974944,31.243326800728017,31.0228988498552,31.157072067260742,8405200
2024-03-18,31.281674077672523,31.32001034071583,30.92707278439012,30.984577178955078,6913400
2024-03-19,30.831226469288577,31.19541358947754,30.735389485213553,31.19541358947754,4040500
2024-03-20,31.22415847902005,31.42541828029401,31.061231266599087,31.310409545898438,5431600
2024-03-21,31.49250989917983,31.952533942232265,31.454173648272267,31.75127410888672,5398100
2024-03-22,31.60751800523661,31.64585425979408,31.1858301729438,31.214580535888672,4104400
2024-03-25,31.185832426182497,31.34875603590362,31.099577675169336,31.118745803833008,2587700
2024-03-26,31.22416491763127,31.329584128647,30.946232569448934,30.96540069580078,5452600
2024-03-27,31.147494597674793,31.66502307764794,31.032489487440717,31.645854949951172,4027000
2024-03-28,31.722523532800945,31.933369279711062,31.511681441837332,31.588350296020508,3939100
2024-04-01,31.569173714370187,31.63626031479484,31.28165919027231,31.310409545898438,2304500
2024-04-02,31.185826082380487,31.33916742455053,31.089985458557972,31.157072067260742,5086200
2024-04-03,31.147493918386328,31.377507789784698,31.061239173605244,31.214580535888672,2985700
2024-04-04,31.597938245308697,31.61710637408928,30.927068361775277,31.022905349731445,4417500
2024-04-05,30.984573106689815,31.291255858834774,30.9366509562104,31.185832977294922,4540700
2024-04-08,31.42543002911036,31.42543002911036,30.85039710998535,30.85039710998535,4923700
2024-04-09,30.94623523731452,31.214581717481863,30.764139849246742,31.19541358947754,4345000
2024-04-10,30.73538741328661,30.84081028223035,30.419120634428563,30.62038230895996,4155300
2024-04-11,31.07082802631032,31.176250920821662,30.69705860464083,30.927072525024414,5991300
2024-04-12,30.59163290468854,30.71622208371686,30.07410440417087,30.179527282714844,3352500
2024-04-15,30.50537489917606,30.70663657055722,29.959096092242145,29.98784828186035,3385000
2024-04-16,30.083687410565172,30.13160773002438,29.6140792477046,29.63324737548828,5754400
2024-04-17,29.71949849553962,30.131604052728584,29.661995947179527,29.690746307373047,5182800
2024-04-18,29.757834269516053,29.83450494680152,29.441567497216855,29.623661041259766,4653700
2024-04-19,29.62366424372837,30.08368835717212,29.62366424372837,29.96868324279785,4636500
2024-04-22,30.189111535826175,30.447875787704003,29.9782676053924,30.237030029296875,3521800
2024-04-23,30.25619751124836,30.534129885763925,30.169942762465826,30.217863082885742,3186500
2024-04-24,30.22744678394362,30.390370387494706,30.01660103257484,30.20827865600586,3203500
2024-04-25,30.112437643347835,30.361617804406063,29.9015937353631,30.045351028442383,3770100
2024-04-26,30.016598111646367,30.419119619303327,29.978263687474477,30.026182174682617,3689900
2024-04-29,30.06451725212886,30.476620978746993,30.06451725212886,30.457454681396484,5595600
2024-04-30,31.74168944486054,33.03551054339536,31.68418872222316,31.99087142944336,12895800
2024-05-01,32.02919988300478,32.64256887405398,31.47333891904697,32.08670425415039,9865300
2024-05-02,32.355057734528316,32.39339399032415,31.70335966573203,32.17296600341797,5213900
2024-05-03,32.35506310548006,32.46048599844555,32.11546695090292,32.31673049926758,4490400
2024-05-06,32.29755233198751,32.441307786494654,31.5500100759554,32.048370361328125,6961600
2024-05-07,32.17296444657022,32.259219189963694,31.981286832812895,32.029205322265625,3997500
2024-05-08,31.91420678429253,32.537158243219835,31.91420678429253,32.51799011230469,3956600
2024-05-09,32.58507482996991,32.79592060171391,32.52757044059965,32.77675247192383,2816000
2024-05-10,32.92049912037611,32.94925313531259,32.66173857756942,32.747989654541016,2891700
2024-05-13,32.747997375154156,33.006761634912614,32.72883290193959,32.85342025756836,2428000
2024-05-14,32.93008608983337,33.572201834637895,32.90133572990065,33.49553298950195,6731700
2024-05-15,33.591368003026716,33.677622733746134,33.41885854158788,33.64887237548828,4046200
2024-05-16,33.61054004388484,33.85013613980985,33.553035664722174,33.75429916381836,4606300
2024-05-17,33.87888717651367,33.9172234300527,33.658459202583806,33.87888717651367,3780800
2024-05-20,33.89805757897656,34.11848556770452,33.830970958752694,34.04181671142578,7332400
2024-05-21,33.92681486313438,35.268551052646934,33.92681486313438,34.96186828613281,10930300
2024-05-22,34.95228585434268,35.21105012263676,34.818112601733965,35.057708740234375,5040300
2024-05-23,35.009777784648406,35.06728215957006,34.57850776854708,34.61684036254883,3088100
2024-05-24,34.84685606722252,35.00977965428214,34.73185096718359,34.77018356323242,2763200
2024-05-28,34.67435044786214,34.72226894021536,34.252662596828515,34.35808181762695,4085300
2024-05-29,33.99389542005404,34.310160367074445,33.92680880535437,34.07056427001953,3488900
2024-05-30,35.14395409146877,35.72856915872881,34.703098146171364,35.4218864440918,11634300
2024-05-31,35.40257587298267,35.99165369568925,35.37360604034288,35.98199462890625,7377700
2024-06-03,35.981995254646385,36.22342035445545,35.76954367183559,36.07856750488281,5593000
2024-06-04,35.769543585287536,35.962684401438395,35.644001502211275,35.740570068359375,3420800
2024-06-05,35.92405898024595,36.23308284247067,35.69228924164991,36.2041130065918,3433700
2024-06-06,36.146161143757915,36.20410448573336,35.981990183421225,36.117191314697266,3897300
2024-06-07,35.93371358666485,36.01097139247672,35.55709099296936,35.6633186340332,4180500
2024-06-10,35.41222914967408,35.63434346621704,35.32531965692387,35.5957145690918,3035300
2024-06-11,35.40257299321319,36.28136012239792,35.354288714789604,36.068904876708984,8789300
2024-06-12,36.45518759189964,36.995981104880975,36.22341789094923,36.71592712402344,8419900
2024-06-13,36.15582103555061,36.860781873511264,35.84679720750908,36.77387237548828,9043100
2024-06-14,36.551754516096246,36.66764120331297,35.77919502058941,35.97233581542969,5694600
2024-06-17,37.08290091910655,37.80717629890273,36.6097060500768,37.420894622802734,13486800
2024-06-18,37.6623176966476,38.86944326384784,37.36294922979418,38.830814361572266,15808400
2024-06-20,38.85978049671935,39.06257666935188,38.2513882949676,38.483154296875,11562800
2024-06-21,38.66664085203776,39.07223320932525,38.41555671136564,38.67629623413086,12916000
2024-06-24,38.521785483324884,38.99498026480351,38.23207612177983,38.53144454956055,9404200
2024-06-25,38.44452794163788,38.61835427982224,38.2610425380799,38.40589904785156,5251100
2024-06-26,38.096877961512746,38.174132070698846,36.686956393213876,36.96700668334961,15867700
2024-06-27,36.9670042778939,37.469168848417674,36.57106732396127,37.26637268066406,11604900
2024-06-28,37.46917177533453,37.720255922136985,37.343629701933295,37.5174560546875,8378000
2024-07-01,37.60436783231058,37.72990990104207,37.102203241238854,37.3339729309082,4138300
2024-07-02,37.34363715291061,37.56575151318946,36.841476126820936,37.0732421875,6272000
2024-07-03,37.18912036621779,37.247063715755935,36.86078208654424,37.10220718383789,3077800
2024-07-05,37.169805142147354,37.19877497151452,36.81249338863274,37.121517181396484,3286400
2024-07-08,39.497145084889596,42.085222271490665,39.41988729001581,41.57339859008789,35464500
2024-07-09,42.05624556766098,43.504795957021436,42.05624556766098,43.1378288269043,22531900
2024-07-10,43.456512073290504,44.1614728270836,43.21508700621666,43.920047760009766,13188800
2024-07-11,44.17113447084233,44.29667286067297,43.234403977088775,43.504798889160156,10003000
2024-07-12,43.9297098692968,44.54775749441024,43.66897033672936,44.05524826049805,10049400
2024-07-15,44.238736728155175,44.682958028812955,43.86211047705347,44.19044876098633,11538200
2024-07-16,44.33530625333616,44.79884201411243,44.15182449923349,44.615360260009766,8260000
2024-07-17,44.03593810078814,44.47050403072682,44.03593810078814,44.26770782470703,7444800
2024-07-18,44.12284857900455,44.22907620912101,43.06057964554896,43.446861267089844,6762500
2024-07-19,43.53377761678368,43.53377761678368,42.67430113048239,42.79018783569336,6016900
2024-07-22,43.01229849489881,43.02195387840564,42.36527728429613,42.79018783569336,6154600
2024-07-23,42.78052164989971,43.10885989232088,42.50046768468814,42.54875564575195,6462600
2024-07-24,42.30733792717016,42.780529083441785,42.24939457413788,42.442535400390625,7370800
2024-07-25,42.38458729364023,42.40390174248474,41.24506059879501,41.34163284301758,8275700
2024-07-26,41.766538248907004,41.766538248907004,41.15814602443793,41.38025665283203,7690500
2024-07-29,41.52511497272241,41.54442942174901,40.93603717090196,41.21609115600586,11589700
2024-07-30,38.19344862485288,38.54110134499487,36.31033217998674,38.37693405151367,25844700
2024-07-31,39.31365957786617,39.4778305496861,38.531444667682024,38.63766860961914,13528800
2024-08-01,38.85012296777372,39.07223359665981,38.10653328818761,38.66664123535156,8966800
2024-08-02,38.106538604409536,38.23208069350444,37.20843689752839,37.604373931884766,6589400
2024-08-05,36.55174928164434,36.81248876476096,35.90473194801898,36.46483612060547,6816500
2024-08-06,36.83180771235145,37.372601189797216,36.59038264482544,37.01529312133789,7389000
2024-08-07,37.536772639549675,37.594715988383626,36.46484463117636,36.5517578125,5983900
2024-08-08,36.793184840972515,37.3243230235677,36.7062716550801,37.28569412231445,4128100
2024-08-09,37.21809681349107,37.40157857569405,36.99598614855434,37.13118362426758,3163600
2024-08-12,37.1698111237909,38.009969465331004,37.1698111237909,37.96168518066406,4119700
2024-08-13,38.06790175300238,38.66663855512811,37.94236337397795,38.40589904785156,5439100
2024-08-14,38.318987911251,38.463844428706054,37.92305093857537,38.23207473754883,4456700
2024-08-15,38.454182583553845,39.16880236943991,38.454182583553845,38.87908935546875,5466100
2024-08-16,38.8211555480957,38.90806872860957,38.38658964552638,38.8211555480957,4741800
2024-08-19,38.78252849810047,39.23640887173886,38.618361195889406,39.21709442138672,2851700
2024-08-20,39.1977798268091,39.390920645765085,38.96601010729097,39.332977294921875,3182200
2024-08-21,39.79650727105919,40.665638988222945,39.78685188924812,40.63666915893555,4557600
2024-08-22,40.4531872283611,40.63667265323681,39.796510693115884,39.854454040527344,3736200
2024-08-23,40.173134197708016,40.57873027153175,40.066910250707465,40.50147247314453,2893100
2024-08-26,40.69460805626646,40.91671867230808,40.49181188733987,40.77186584472656,2607200
2024-08-27,40.77186749253587,41.10020573905297,40.44352924601877,41.06157684326172,4120100
2024-08-28,41.09054936024609,41.138833641215506,40.578729351032074,40.868438720703125,3727100
2024-08-29,41.01329850684166,41.20643564606819,40.356621918678,40.433876037597656,4482800
2024-08-30,40.72553447147771,40.754699339898764,39.9477737414521,40.6866455078125,5231400
2024-09-03,40.18110069440561,40.375538080320624,39.43250489093547,39.53944396972656,4886400
2024-09-04,39.71443943447388,40.171375437190456,39.558887305050945,40.09360122680664,3493800
2024-09-05,40.06443002798498,40.52136600076502,39.8311037034648,40.2199821472168,4030200
2024-09-06,40.521367460183356,40.97830344942041,39.2186170239514,39.510276794433594,4653200
2024-09-09,39.56861695731323,40.07416237611366,39.48111864043131,39.831111907958984,2936000
2024-09-10,39.80193400094598,40.151927186440744,39.607496638919955,40.01581954956055,3626200
2024-09-11,39.99638309170576,40.72553447147771,39.61722496760925,40.6866455078125,5657100
2024-09-12,40.64775601126398,40.72553022182306,40.0449882633184,40.69636535644531,2418200
2024-09-13,40.92969460633844,41.425519604938486,40.88108525770161,41.31857681274414,3372800
2024-09-16,41.29913128149902,41.77551178680092,41.094969797221985,41.71717834472656,3699800
2024-09-17,41.80467657225218,42.38799615724002,41.80467657225218,42.096336364746094,4436700
2024-09-18,42.164395712248336,42.64077627898501,41.969954588913865,42.21300506591797,3846000
2024-09-19,43.63241877687736,43.99213241232249,42.54355006682649,43.19492721557617,7478800
2024-09-20,42.83521016793171,43.28242208001274,42.78659711381632,43.262977600097656,10034500
2024-09-23,43.389365181808266,43.603247045124164,43.23381305000791,43.408809661865234,4122300
2024-09-24,43.6615871725066,44.332405148265295,43.369927344292215,44.03102493286133,4179100
2024-09-25,44.167124748399054,44.167124748399054,43.30186580486954,43.42824935913086,4262100
2024-09-26,43.75880630896247,44.06991433192456,43.75880630896247,44.02130126953125,3767600
2024-09-27,44.167126431059046,44.19629129720657,43.40881024198009,43.6226921081543,3940300
2024-09-30,43.65186226991336,43.90463310591065,43.35047837702899,43.89491271972656,3725600
2024-10-01,43.83658254109491,43.87547150603836,43.05882178550519,43.30187225341797,3753000
2024-10-02,43.32131001326765,43.91434994767571,43.13658931277926,43.66157913208008,2525200
2024-10-03,43.46714230547889,43.85602451536078,43.18520288874729,43.35047912597656,2480000
2024-10-04,43.719914077717746,43.76852342370176,43.19492424031753,43.632415771484375,2368000
2024-10-07,43.4185375228049,43.506035843797875,42.82549375925867,42.883827209472656,3170800
2024-10-08,43.18520288874729,43.544920230917505,42.79632438752101,43.35047912597656,3160800
2024-10-09,43.3601975012063,46.130974773626136,43.34075672940395,45.43098831176758,14297200
2024-10-10,45.59626507788013,45.74209312004639,44.60461881479657,44.740726470947266,4261500
2024-10-11,44.85738710745946,45.615703268038246,44.82822224240805,45.16849136352539,3277500
2024-10-14,45.0907257135757,45.7420992144116,44.867119718871315,45.52821731567383,3560600
2024-10-15,45.79070375955425,45.91709103325577,44.4296234509849,44.487953186035156,4078700
2024-10-16,44.44906331592797,45.19765907679013,44.41017435749625,44.73099899291992,2818100
2024-10-17,45.19766466070925,45.25599439690794,44.76989348242202,45.226829528808594,2985600
2024-10-18,45.16849681656685,45.41154727775198,44.906001873448226,45.362937927246094,2036500
2024-10-21,45.304605337472886,46.08236979488568,45.19766624780163,45.722652435302734,5225300
2024-10-22,45.1782195587093,46.130976892979874,45.0129433215527,45.994869232177734,4273400
2024-10-23,45.75181645091711,46.39346946824086,45.27543595368708,45.58654022216797,4856800
2024-10-24,45.8879281175903,45.926817081715015,45.4601569295299,45.50876998901367,2304600
2024-10-25,45.72265654456978,45.83932344886046,44.90600675781559,44.96434020996094,3955000
2024-10-28,45.37265331102885,45.92681171339188,45.090717625719094,45.53792953491211,7093800
2024-10-29,48.05593158156777,49.61145285869236,47.657329022513636,47.667049407958984,13396800
2024-10-30,47.560105599918785,47.98787672340152,46.59762798939298,46.70457077026367,7981600
2024-10-31,46.85040565356321,47.30734170824504,46.1990321964817,46.267086029052734,6856800
2024-11-01,46.31569194138835,47.0642877527531,46.09208597830362,47.01567840576172,5890200
2024-11-04,47.0642886714512,47.11289801939144,45.61570636743665,45.712928771972656,4309400
2024-11-05,45.712923621487406,45.98513890620662,45.324041464469865,45.965694427490234,4500300
2024-11-06,47.443447978546324,47.54067038554354,46.7726300592158,46.899017333984375,5073200
2024-11-07,47.054566620642525,47.21011875374153,46.81151618088436,46.87957000732422,2831800
2024-11-08,46.75318489040316,47.78372013748798,46.75318489040316,47.36567306518555,4827800
2024-11-11,47.59899332736553,48.02676443978703,47.49205054926015,47.56010437011719,2994000
2024-11-12,47.375393977450734,47.598999949756056,46.62679813521697,46.97679138183594,4385700
2024-11-13,47.05456650696201,47.15178519916825,45.82959021669331,45.89764404296875,5383800
2024-11-14,45.88792770710091,46.2865303141742,45.71293107876085,45.742095947265625,3506000
2024-11-15,45.55626477105922,45.95725362615942,45.29219839367259,45.46824264526367,3655700
2024-11-18,45.526925061989374,45.66384755018942,44.998792266768056,45.419342041015625,3590000
2024-11-19,44.93033174795742,46.348464470229295,44.82275245610506,46.25066375732422,4959300
2024-11-20,46.172418943985264,46.48538569378193,45.908352549308454,46.30934143066406,4422200
2024-11-21,46.30934178089192,46.99395795032148,46.143079826055384,46.78857421875,4348000
2024-11-22,46.769016144118616,47.53187218205533,46.67121542725532,47.45363235473633,3253300
2024-11-25,47.923082626456306,48.17736672942724,47.199344635009766,47.199344635009766,8667000
2024-11-26,47.1993409986635,47.228684196218936,46.73967318668474,46.9450569152832,3926700
2024-11-27,47.03308100214428,47.48297025421887,46.79835406622906,47.16022491455078,2362600
2024-11-29,47.16022720391905,47.90352236382697,47.12110542422435,47.60033416748047,2409800
2024-12-02,47.81550402265002,48.509898878520445,47.678581513701886,48.157814025878906,4779700
2024-12-03,47.94264675380048,48.20671318482962,47.86440319015105,48.08934783935547,2934600
2024-12-04,48.1675867861064,48.25560892134579,47.80571966605917,48.069786071777344,2561200
2024-12-05,48.00132642608325,48.90110496665781,48.00132642608325,48.666378021240234,4480800
2024-12-06,48.627258987737335,48.832642729031114,48.3240707999764,48.47077560424805,3277800
2024-12-09,48.5196780430796,48.67616143328052,47.228689141207454,47.443851470947266,4320800
2024-12-10,47.43407446664624,47.903524652839934,47.140668566632485,47.30693054199219,4893000
2024-12-11,47.610113316180836,47.610113316180836,46.53429056202685,46.58319091796875,3787900
2024-12-12,46.51473026810352,47.95242015163607,46.456047601708256,47.54165267944336,4900700
2024-12-13,47.678570409960706,47.99153713777286,46.798349156202974,47.091758728027344,4023500
2024-12-16,47.23846680174445,47.971983378575445,47.11132288378677,47.1211051940918,4279400
2024-12-17,46.9450578941832,47.22868518103314,46.54406900723804,46.710330963134766,4171400
2024-12-18,46.84725821147217,47.130881773693254,45.360664231137136,45.4878044128418,4615000
2024-12-19,45.820331224472596,46.4658256236502,45.66384784681918,46.025718688964844,4498400
2024-12-20,45.673631464619156,46.270225524902344,45.51714808248407,46.270225524902344,11445800
2024-12-23,46.24088860875682,46.52451594330763,45.996383057769975,46.4560546875,2852200
2024-12-24,46.309344388237754,46.847259521484375,46.00615992861677,46.847259521484375,1592800
2024-12-26,46.5636379913347,46.99396642040653,46.416933167565915,46.93528747558594,1960200
2024-12-27,46.56363457281325,47.01352386074904,46.40715118001565,46.729896545410156,2255000
2024-12-30,46.123523892907194,46.53429513103878,45.54649068207694,46.29956817626953,1966400
2024-12-31,46.55385247170264,46.63209603388282,46.16264585337696,46.47561264038086,2299500
2025-01-02,46.47560987561598,46.60275379116596,45.35088298676387,45.68341064453125,5038000
2025-01-03,46.01594394955195,46.485394159743656,45.73231661500115,46.4560546875,3235300
2025-01-06,46.72989417814951,47.39494949656325,46.53429274520514,47.277587890625,3713100
2025-01-07,47.551432552918314,47.65901557880937,46.56363189228417,46.79835510253906,3645200
2025-01-08,46.749457191975246,46.827700753395035,46.045283793488935,46.68099594116211,2976100
2025-01-10,46.319130956042706,46.39737079025152,45.879020229685246,46.08440399169922,4492300
2025-01-13,45.399783483834796,45.83989416911869,45.17483885154707,45.556270599365234,4569900
2025-01-14,45.869241753927255,46.50495393268355,45.8301199713045,46.38759231567383,2949000
2025-01-15,47.12110772357623,47.835063448980904,47.101546832774375,47.73726272583008,4151300
2025-01-16,48.01110920580102,48.22627528035297,47.727481876774995,48.157814025878906,2983600
2025-01-17,48.77396074577837,49.21407143391288,48.41209361591586,48.74462127685547,5472700
2025-01-21,48.95000482972445,50.88648811908988,48.90110447142466,50.41703796386719,7148400
2025-01-22,50.9060526227231,53.13594568191781,50.87671315183188,52.822975158691406,10469000
2025-01-23,52.54913077936808,53.33154776968729,52.53935219923968,52.793636322021484,5934900
2025-01-24,52.92077860813631,53.077262001348686,52.50022878934208,53.057701110839844,4562300
2025-01-27,50.22143681414971,50.36814163163378,47.502536382083804,48.441436767578125,9956700
2025-01-28,48.77396189568338,50.84737146847617,47.9817663692225,50.10407257080078,12501400
2025-01-29,53.8987962127317,54.113962259363944,48.451213648199534,48.70549774169922,14826100
2025-01-30,49.05758887212988,49.18473279102812,47.707917316136246,48.891326904296875,11414600
2025-01-31,49.32165628134648,51.297261430326756,49.135833419879894,50.935394287109375,8511500
2025-02-03,49.92802585775819,50.63220294105158,49.06736539271717,50.221431732177734,6849500
2025-02-04,50.329019917857494,51.33638528884169,50.260558664500905,50.89627456665039,4502100
2025-02-05,51.24835825193086,52.39264228952959,50.99407042300349,52.118797302246094,5742200
2025-02-06,52.51979040668568,53.11638451745755,52.29484575900847,52.470890045166016,4793500
2025-02-07,52.60781360767374,52.63715307900385,51.2777028547839,51.80583572387695,3843600
2025-02-10,52.15792390828332,52.42198660997161,51.49286853687482,51.88407516479492,3329000
2025-02-11,51.727584570908675,51.82538901242562,50.86692413984938,51.248355865478516,3452700
2025-02-12,50.622418777681276,51.277695479723235,50.45615682291208,50.86692428588867,3228200
2025-02-13,51.11143420284302,51.46352276196924,50.739788484528276,50.9647331237793,4750600
2025-02-14,51.003852597610745,51.688465064001655,50.671324943567384,51.38528060913086,3779800
2025-02-18,51.81561079244796,51.89385435183698,51.277699379652404,51.72758865356445,3409400
2025-02-19,51.825394987070936,52.01121785108861,51.37550196594339,51.51242446899414,3422300
2025-02-20,51.297257944215744,51.32659741222755,49.95736876271072,50.730003356933594,4069400
2025-02-21,50.85714607459959,51.228795494400366,49.99648563485074,50.35835647583008,4701300
2025-02-24,50.00626946606772,50.83758673293068,49.39989309666417,49.66395950317383,6563900
2025-02-25,49.55637983237668,49.654184284476045,48.069789469049965,48.5783576965332,6289800
2025-02-26,49.23363394942123,49.75198448208807,48.6761616363264,48.910884857177734,4849700
2025-02-27,49.047811198272214,49.46836101166709,47.83506211830269,47.9230842590332,4378500
2025-02-28,47.932921680763656,49.4378942304994,47.52962821144819,49.32969665527344,8560300
2025-03-03,49.64445807955619,49.7723289541683,47.165677535469484,47.46076965332031,4810800
2025-03-04,46.47712394073229,46.654179951166675,44.942639767734214,45.729557037353516,9970500
2025-03-05,46.10334758202537,46.585334315819864,45.63119937977994,46.27056884765625,5721800
2025-03-06,45.48364559817,46.22137771236482,44.667220257357265,44.76558303833008,5394000
2025-03-07,44.657392802812375,45.19839569147218,43.37865392668897,45.1787223815918,6412900
2025-03-10,43.939330611594116,44.65739329712559,43.54587566653191,44.27376937866211,5428200
2025-03-11,44.07703699722455,44.962313301563505,43.60488888445051,44.17539978027344,6771700
2025-03-12,45.14921206027056,45.49348558540225,44.145895819786766,44.65739059448242,6324700
2025-03-13,44.795098360214475,45.21806510545017,44.273765074051944,44.8541145324707,5620600
2025-03-14,45.434464408775774,46.30990974572712,45.01149765964981,45.98530578613281,7619300
2025-03-17,45.965631234602355,46.51647259706161,45.424628402210125,46.093505859375,7214000
2025-03-18,46.38859434581721,47.50011176160902,45.72955547024033,46.496795654296875,11169000
2025-03-19,47.175515429615196,48.611633249706294,46.79189527583882,47.96242904663086,8842900
2025-03-20,47.31322517659842,48.51327079618213,47.13616914248607,47.8739013671875,7407800
2025-03-21,47.47060295768962,47.83455351896457,46.772217424918345,47.73618698120117,10771400
2025-03-24,48.70015873602116,49.24116533739387,48.49359462584244,49.073944091796875,5165600
2025-03-25,49.02476226101567,49.073943655530535,47.89357142567432,48.18866729736328,4027600
2025-03-26,48.33621874618965,48.44442008176573,46.17220329156947,46.329586029052734,5601200
2025-03-27,46.044326870013116,46.31974568947305,45.5426668747968,45.79841613769531,5469800
2025-03-28,45.582015270134356,46.113183373207384,44.81477495611785,45.109867095947266,3752500
2025-03-31,44.43115089744852,45.041012236986006,43.40816506629879,45.03117370605469,9881600
2025-04-01,44.755754546936444,45.17872131866292,44.02785710768851,44.795101165771484,6700200
2025-04-02,43.8803088957688,46.162360046948415,43.772107580034465,45.77873992919922,4740400
2025-04-03,43.722931486960896,43.949168923510406,41.322840199165654,41.598262786865234,9628700
2025-04-04,40.309689040979855,40.42772514843611,37.604670834514415,38.430931091308594,11895500
2025-04-07,37.22104508242902,40.89987094186952,36.699715579831434,38.962093353271484,9833700
2025-04-08,40.083454266765145,41.17529865206841,37.929277339207644,38.53913497924805,8313500
2025-04-09,38.548968125331754,43.221272412439674,38.185021263085325,42.55239486694336,8716500
2025-04-10,41.391695789355,41.88351724834087,39.92606619056512,41.00807189941406,6723000
2025-04-11,40.624452513995514,41.20480199643688,39.916232151506065,40.585105895996094,11480500
2025-04-14,41.913025239956575,41.913025239956575,40.6933063734297,40.92938232421875,7389000
2025-04-15,40.90970877678633,41.667114267758514,40.90970877678633,41.09659957885742,5049200
2025-04-16,40.40805270883191,41.21463959814005,39.965412647065264,40.60477828979492,4506700
2025-04-17,40.95889457070486,41.35235327787929,40.62445579529669,40.840858459472656,4979000
2025-04-21,40.05394455070195,40.339198171730985,39.50310311451085,40.034271240234375,5231300
2025-04-22,40.61461804200153,41.401531646425504,40.55559811455721,41.06709289550781,4803900
2025-04-23,42.680263827301395,43.70325331980486,42.040898208711575,42.26713562011719,6431000
2025-04-24,42.09991068910232,43.329464177407296,42.07040260611883,43.16224670410156,6845300
2025-04-25,43.113074322142374,43.56554919981704,42.99503446094879,43.45734786987305,3768600
2025-04-28,43.29996499175546,43.88031450757833,42.72945025484812,43.37865447998047,6322300
2025-04-29,42.4933767164253,44.57869874559253,41.31300441135514,43.732765197753906,10592900
2025-04-30,43.02454472842402,43.76227694854425,42.76879545749427,43.654075622558594,7989500
2025-05-01,43.93932599521066,44.54918728727879,43.87047129325133,44.04752731323242,4844500
2025-05-02,44.60820783876964,45.18855734962057,44.322954225060016,45.01150131225586,4430000
2025-05-05,44.6377167971448,45.01149840539782,44.5393502536835,44.6672248840332,3136600
2025-05-06,43.9491654379746,44.40164027518859,43.83112933963614,44.027854919433594,2474800
2025-05-07,44.18523348109621,44.303273320638446,43.60488782202823,44.11637878417969,2926800
2025-05-08,44.637714298363775,45.02133441563818,44.27376373638057,44.3131103515625,3357900
2025-05-09,44.667228719549264,44.82461145030162,44.096717727684585,44.342628479003906,2571400
2025-05-12,46.20170974731445,46.54598327282201,45.582013649100844,46.20170974731445,4921000
2025-05-13,46.32958111655676,47.36240920859532,46.083670380795205,46.8410758972168,5427600
2025-05-14,46.94927480347118,47.077149430125765,46.0049785273293,46.241050720214844,4898600
2025-05-15,46.20171113884017,46.87058865337187,46.07383650310025,46.82140350341797,4752100
2025-05-16,46.91976819949558,47.47060583516112,46.64434562936284,47.4312629699707,4643800
2025-05-19,46.62468015845423,47.38208197386248,46.62468015845423,47.34273910522461,5600800
2025-05-20,47.077150515825295,47.28371462743892,46.791893169901755,47.195186614990234,5586200
2025-05-21,46.919766234464916,48.42473864359329,46.90009292654365,47.39191436767578,9062900
2025-05-22,47.38207782809015,48.109975242556644,47.15584040594109,47.755863189697266,7648600
2025-05-23,47.06730976228126,47.696844350126305,46.89025374574668,47.5689697265625,4890000
2025-05-27,48.19850112652783,49.13296261311435,47.82471578143326,49.103450775146484,5721000
2025-05-28,49.18214666164623,49.231328057847875,48.41490637446055,48.641143798828125,4834200
2025-05-29,49.27067400767185,49.36903679874144,48.65097791749351,49.142799377441406,5306700
2025-05-30,48.81636928427077,49.24171992943477,48.351454033133265,49.053775787353516,12836700
2025-06-02,48.64820773419281,49.5186931856432,48.56907097794812,49.49890899658203,5081800
2025-06-03,49.597828454836836,50.5474469328599,49.538479658365645,50.23090744018555,5172600
2025-06-04,50.54744043015247,50.91344223739949,50.171552189363304,50.211116790771484,4505300
2025-06-05,50.280368937235615,50.6166888406515,49.96382567655605,50.31004333496094,3484700
2025-06-06,50.755177415261485,50.982689932493855,50.151772847474284,50.16166305541992,3639000
2025-06-09,50.290255466552594,50.68593168337174,49.77587789406692,50.33971405029297,4037500
2025-06-10,50.43863617810358,50.6265803101188,49.667067914495114,50.062744140625,2811000
2025-06-11,50.22101564846542,50.22101564846542,49.716528253676266,49.904476165771484,2962500
2025-06-12,49.538477352530066,50.290257669276926,49.39998802916386,50.27047348022461,4355100
2025-06-13,49.54837052452141,50.003395579601474,48.93507572100269,49.06366729736328,3578500
2025-06-16,49.597828454836836,50.27047582013194,49.27139875390009,50.23090744018555,4299300
2025-06-17,50.01328745340876,50.54744547346943,49.80555535141197,49.93415069580078,2983700
2025-06-18,50.052853404972794,50.30015011897651,49.696749306504096,49.94404602050781,3129900
2025-06-20,50.25068987047585,50.25068987047585,49.42966676930502,49.87479782104492,4933600
2025-06-23,49.874796944682224,51.28933437906483,49.716527206668346,51.23987579345703,4234400
2025-06-24,51.59598691202994,51.75425666005816,50.745285601335084,50.86398696899414,4998100
2025-06-25,51.02226035850806,51.10139334559328,50.53755713386051,50.834312438964844,4268100
2025-06-26,51.04203974468945,51.28933645619172,50.82442120451233,51.140960693359375,2828600
2025-06-27,51.15085147015142,51.71468767676896,50.96290732576171,51.25966262817383,5295500
2025-06-30,51.427825012488086,52.28841649903448,51.427825012488086,52.02133560180664,5414100
2025-07-01,51.87295606775285,52.14993094642337,51.427825012488086,52.02133560180664,5817500
2025-07-02,51.98176913166244,52.179607259849185,51.56631245857387,52.149932861328125,3142000
2025-07-03,52.42690043338239,52.70387153005534,52.25874048853045,52.466468811035156,2066100
2025-07-07,52.3675484618462,52.63462935386433,51.74436348725214,51.81360626220703,3233600
2025-07-08,52.45657968429934,52.55550063758551,51.92242163034814,52.15982437133789,4314300
2025-07-09,52.58516911872569,52.58516911872569,51.76414605281824,52.001548767089844,3088100
2025-07-10,52.10047079442175,52.13014896655942,51.42782719229279,51.69490432739258,4345100
2025-07-11,51.43771035357661,51.54652149846085,50.9134425901685,51.04203414916992,4098100
2025-07-14,50.98269143636677,53.41609019518654,50.76506912066068,52.54560470581055,4898900
2025-07-15,53.03030498056477,53.0500891693893,51.92241682052831,51.952091217041016,3780600
2025-07-16,52.13014734074814,52.44668682838913,51.62565993807457,52.3972282409668,3345100
2025-07-17,52.614845141169255,53.732627294643194,52.604954933372234,53.61392593383789,3898600
2025-07-18,53.70295449564207,53.851330257701306,53.19846709367498,53.42597961425781,2502200
2025-07-21,53.41609018029009,53.8315468482149,53.09955068850498,53.31717300415039,2993800
2025-07-22,53.18857442549188,53.544682275480596,52.713765216656306,53.43587112426758,3865500
2025-07-23,53.811765447979106,55.641759587247016,53.782087276921054,55.196624755859375,8080900
2025-07-24,55.04825370782805,55.46371040373081,54.899874160177845,55.117496490478516,5254500
2025-07-25,55.39446201881825,55.39446201881825,54.296464042907814,54.761383056640625,4718100
2025-07-28,54.94932615536632,54.96911034424134,54.3261374128722,54.81084060668945,5979200
2025-07-29,58.23342755311026,62.2989860231057,57.30359329250807,61.30979919433594,17713500
2025-07-30,61.131748298307606,62.516611436719295,61.03283111989897,61.93299102783203,7928000
2025-07-31,62.3979092990582,63.21893243538874,61.685693548257014,62.55617904663086,7360100
2025-08-01,61.32958499105652,61.75493564045101,60.7756389939862,61.37904357910156,5845600
2025-08-04,62.298987022374,62.85293301381167,61.972557325837194,62.80347442626953,5088400
2025-08-05,63.07055123347823,63.71352796205506,62.38801367258589,62.48693084716797,5389600
2025-08-06,63.209040690398766,63.49590578010298,62.46715055916614,63.28817367553711,5825200
2025-08-07,65.7710349001518,65.78092888228785,63.52558395668438,64.05974578857422,9632800
2025-08-08,64.2773640418368,65.29622527728253,64.0597417300141,65.0588150024414,4374700
2025-08-11,65.15774235564788,65.15774235564788,64.11909311522972,64.2773666381836,5694900
2025-08-12,64.59390094198513,65.37535187130362,64.54443858331601,65.03903198242188,5192500
2025-08-13,65.30611540987763,65.5435256981622,64.24768573535775,65.02914428710938,4295300
2025-08-14,64.61368269191887,65.34567882458406,64.17843807670884,65.0489273071289,3608900
2025-08-15,65.20718914464837,65.20718914464837,64.11908522242118,64.73238372802734,3054900
2025-08-18,64.52466587303303,65.23687411339905,64.44552910847105,64.8115234375,3084800
2025-08-19,64.45542083701278,64.6631491765516,63.54536317016571,63.82233428955078,5814700
2025-08-20,63.41677451774111,63.97071678206377,62.68477453116645,63.90147399902344,5299600
2025-08-21,63.81245091717751,64.40596156533063,63.634396968041834,64.18833923339844,3574000
2025-08-22,64.51476676978129,65.43471083082487,64.38616765085152,65.0588150024414,3436500
2025-08-25,65.0390381833038,66.59206130268704,65.0390381833038,66.05789947509766,5824100
2025-08-26,66.0183214780092,66.9481594365531,65.99854106367455,66.67118835449219,5421000
2025-08-27,66.64152466480752,67.03719339022831,66.3645459913569,66.52281951904297,4234100
2025-08-28,66.66130548372581,68.54076212838063,66.59206270167051,68.18465423583984,7266900
2025-08-29,67.89661648764778,68.2045127012233,66.2875950685204,66.57563018798828,6191100
2025-09-02,66.54583787397627,68.11512960069194,65.69166681146916,68.00587463378906,9109100
2025-09-03,68.23430354341208,69.31691875259897,65.94989899072732,68.86996459960938,13308900
2025-09-04,69.11827474259535,70.16116026107676,68.91963349035034,69.24739837646484,7104900
2025-09-05,69.8036004746761,70.91601119765384,69.58509054894137,70.70743560791016,9078100
2025-09-08,71.00538948612805,72.04827489498986,70.95573296712531,71.66091918945312,13643500
2025-09-09,71.51194386519316,72.445574446068,71.26363850455013,71.89929962158203,10646800
2025-09-10,72.67401663017584,74.54127793313313,72.2270699782903,74.42208862304688,16600800
2025-09-11,74.67038468629175,76.5575068499791,74.09431445926589,74.95841979980469,13968300
2025-09-12,76.38866043703761,77.34215205830739,75.25638108549708,76.51777648925781,14826100
2025-09-15,77.22296412922617,77.79903436195185,76.2595381553141,77.45140838623047,8835100
2025-09-16,77.7493680062692,78.27577412248037,76.79587639579044,78.16651916503906,12936700
2025-09-17,77.8884258025847,78.14666550634844,75.63381640148924,76.3588638305664,10590700
2025-09-18,76.92499551961218,79.11008717805248,76.66676340777822,79.08029174804688,10372500
2025-09-19,79.08029698900235,79.4378573281226,78.03741140362183,79.02069854736328,10765000
2025-09-22,78.86177645804518,79.298788697853,77.57058567602628,78.62340545654297,7314200
2025-09-23,78.66313376905897,80.47079645807605,78.48435360958791,80.45093536376953,8654200
2025-09-24,80.73896705909996,81.02700216922626,78.52408004286976,79.36832427978516,8648900
2025-09-25,77.55072713950774,78.93130425096774,76.5277103309258,78.5936050415039,8518700
2025-09-26,78.6134772764151,78.94124216519165,78.15659633039846,78.81211853027344,4484000
2025-09-29,79.35839730467278,80.18277294690739,79.06042783133928,79.71595764160156,8204600
2025-09-30,79.71596210291052,81.65274105493468,79.64643689893218,81.47396087646484,6300300
2025-10-01,80.90782067006049,83.1822987634819,80.33175039430935,82.55657196044922,9010000
2025-10-02,83.23195442261743,83.77822163335387,81.35476662632541,81.96062469482422,7207100
2025-10-03,82.46717751207835,83.60938371908921,82.05002631296503,82.99358367919922,7739200
2025-10-06,83.53986216675901,85.51637085829493,83.24189268142328,84.76152038574219,8678000
2025-10-07,84.89063812607016,85.64548854610447,83.24188688990024,84.48341369628906,6733000
2025-10-08,84.69198812619217,86.47978973388672,84.18545065207718,86.47978973388672,6088100
2025-10-09,86.55925399589827,87.15518537179362,85.54616383696545,86.59898376464844,4536600
2025-10-10,86.79762123584588,87.18497699212622,82.39764994337696,82.41751861572266,7898500
2025-10-13,84.53308488398638,86.04277827289795,84.22518863505547,84.92044067382812,4957800
2025-10-14,83.70870360475725,85.32765943752804,83.04324704386144,84.03646850585938,5195000
2025-10-15,85.47663537982217,86.83735149138397,84.89063836285769,86.03284454345703,6427600
2025-10-16,86.2811487321568,86.8174892160409,84.76151357231274,86.13216400146484,6501300
2025-10-17,85.66534627148887,85.95338138856364,83.12270189686743,83.91727447509766,5940500
2025-10-20,84.65226303240209,85.4468356036949,84.25497295791672,84.70191955566406,4859700
2025-10-21,85.01974355186832,85.8639801590816,84.01658789602897,85.4666976928711,4992300
2025-10-22,85.48656636505267,86.74795422023838,82.51683647404779,83.56964874267578,8440400
2025-10-23,83.43060148143934,85.79446579544928,83.35114194709995,85.25812530517578,5404600
2025-10-24,86.41025760312208,87.1651079522094,85.85405607099327,86.8174819946289,7284500
2025-10-27,88.02920901910069,89.16148079686089,87.55246699566366,88.76419830322266,11801900
2025-10-28,83.73849923727046,86.65857276741346,82.54663651108227,85.84413146972656,14455300
2025-10-29,86.7578898462475,91.3068457855195,85.91365315162265,89.67796325683594,13123000
2025-10-30,88.20799306578878,91.16779627117677,87.90009684632534,89.66802978515625,5411400
2025-10-31,90.63146224606014,91.94251432832066,87.3141060597641,88.4761734008789,7547600
2025-11-03,89.05222973068643,89.2806663973084,86.59897178782415,86.90686798095703,4938600
2025-11-04,84.92042799283172,85.4964982118936,84.14571652883433,84.63239288330078,5601900
2025-11-05,84.9601595586855,87.52267259214419,84.9204297933205,86.50958251953125,5915300
2025-11-06,86.65856156389908,88.01927752214998,85.75472651087583,87.2644271850586,6659900
2025-11-07,85.31771725812291,85.85405770761884,82.76513863854726,84.90056610107422,7430000
2025-11-10,87.25450755065943,88.21793362130326,86.21162951878622,87.9596939086914,6733800
2025-11-11,87.01612332762348,87.87029429727122,86.36059359747065,87.33395385742188,4083900
2025-11-12,88.29739175867091,90.00573392968433,87.79084667827075,88.40664672851562,6927800
2025-11-13,87.80076997601154,88.12853484433694,80.7786952450059,81.80171203613281,11373700
2025-11-14,80.37656842880553,83.6354785834328,79.30022820022974,81.78178405761719,9792200
2025-11-17,81.33330982861192,82.51927768230438,79.94802309690813,80.78517150878906,7248000
2025-11-18,80.1872094060372,80.79514188474276,78.6026037541354,79.8483657836914,6889700
2025-11-19,79.97791991274715,82.54917448992887,79.73873573919214,81.41304016113281,5412600
2025-11-20,83.964362743641,84.30320637386247,77.22727940222565,77.76544952392578,8332200
2025-11-21,78.29364737765809,79.78856177068482,77.1276159759439,79.19059753417969,7037500
2025-11-24,79.77860392403797,82.46944688366474,79.74869924817398,82.31995391845703,12117400
2025-11-25,82.10069504653568,83.05743933771096,79.99784820951068,82.66876220703125,4467100
2025-11-26,83.33650291855957,84.06402371598125,82.53921214520575,83.31656646728516,3515900
2025-11-28,83.67534371060208,84.05405263313128,83.2468012651091,83.9145278930664,1847500
2025-12-01,83.06740589512106,83.20693062622955,82.2701228035764,82.61893463134766,3601300
2025-12-02,83.73513979696523,85.16029190655506,82.93785663575423,83.42619323730469,4654400
2025-12-03,82.8381964400567,83.77500433607501,81.39310789250861,83.26673889160156,4686200
2025-12-04,82.85812766590666,86.99405933260566,82.85812766590666,85.16029357910156,8201900
2025-12-05,85.20015188236802,86.4060485761412,84.64205294403405,85.67852783203125,5340800
2025-12-08,86.88442519928772,89.46564041261833,86.32632625662765,87.9707260131836,6331900
2025-12-09,87.46246102982242,91.05025408572355,87.46246102982242,90.80110168457031,7681600
2025-12-10,90.66157805939133,94.8672718589692,89.85432670288975,93.88062286376953,11260900
2025-12-11,93.34246454715904,96.31235708049695,91.68808885935108,95.6446304321289,8895200
2025-12-12,95.1263850622273,95.63465809674531,87.61195522843475,88.02056121826172,9693400
2025-12-15,88.91750892172468,90.75126691939174,87.65181048323407,87.81127166748047,6265800
2025-12-16,87.22326971506388,87.40265974899145,85.27988401712173,85.99744415283203,4836100
2025-12-17,87.14354972117484,88.60856711469987,84.53242971612474,85.1303939819336,6778900
2025-12-18,87.10368285296934,88.24978544383632,85.84795259493514,86.58544158935547,5951600
2025-12-19,86.78476427245643,88.82780935454744,86.78476427245643,87.56211853027344,14214800
2025-12-22,89.49555107401578,89.67494111808864,87.43256936894208,88.10029602050781,4301300
2025-12-23,87.78137154972724,89.43573945946358,87.54217978165916,89.03709411621094,3397500
2025-12-24,89.16665981419224,89.66496460125846,88.78794330976424,89.35601806640625,1666600
2025-12-26,89.64502817590454,89.83438642816947,88.8776421491684,89.26631927490234,2203200
2025-12-29,88.48897033552456,89.47561174442238,87.99066551841058,88.69825744628906,2580400
2025-12-30,88.9872735180891,89.00720236485523,88.15011748688016,88.55873107910156,2043900
2025-12-31,88.85771155854196,88.85771155854196,87.22326489337169,87.26313018798828,3334000
2026-01-02,88.60856710543992,90.41242812810779,87.84117342151741,90.36259460449219,4587000
2026-01-05,91.72795356802725,93.262733349308,86.37615698285842,88.38931274414062,9762200
2026-01-06,87.88103103235035,89.19655534332874,84.04408575895735,88.94740295410156,6351500
2026-01-07,88.3992728467447,88.64842525905628,86.3263305549936,87.69168090820312,4069900
2026-01-08,87.39270218995044,87.39270218995044,83.66537664367436,85.04070281982422,5137700
2026-01-09,85.04069947892657,86.3562238543048,84.73174533076171,84.9410400390625,6113300
2026-01-12,84.51249480365279,87.58204650878906,84.1636753703969,87.58204650878906,5583900
2026-01-13,87.70164822259633,90.62171476869436,87.70164822259633,89.57527160644531,4272300
2026-01-14,89.66496773932896,90.4921555396552,88.11025918239994,89.9041519165039,4446000
2026-01-15,91.6880884086,94.65798853086578,91.48876951868826,93.17303466796875,5501300
2026-01-16,93.52184279342929,94.28923645636236,91.81764126107706,93.88062286376953,7146600
2026-01-20,91.08014967356527,93.1630676671093,90.96055378568994,92.25614929199219,4574600
2026-01-21,92.81424949923502,94.13974209477377,91.2396121067181,93.20292663574219,3861000
2026-01-22,94.67791015117336,95.32570789922903,92.3259109328199,93.9603500366211,5764100
2026-01-23,92.89398190533028,93.57167675207491,90.70144377949485,92.98368072509766,4246800
2026-01-26,92.80429241289511,95.22605414220557,91.98707281224658,94.62808227539062,5586200
2026-01-27,101.7239484832516,113.60353389800235,100.62767936943067,109.3679428100586,25446500
2026-01-28,107.52421406596717,112.51723051989704,103.41817958842539,103.92645263671875,18534400
2026-01-29,104.62407767926163,105.12238247223985,99.16265380266802,102.65078735351562,11681800
2026-01-30,103.25872055253186,107.27505599628327,101.5146537645535,102.89994049072266,13378700
2026-02-02,102.89994473597359,110.48414466087335,102.70062585053549,109.98583984375,11926300
2026-02-03,116.90231193603783,116.90231193603783,109.22841326915866,112.40760040283203,11596900
2026-02-04,113.18495794945997,115.90570564679835,107.43452359911313,109.318115234375,12468300
2026-02-05,107.18536810208549,113.05539817913446,105.29180829578917,112.40760040283203,9929700
2026-02-06,114.51044640882405,122.14447211419741,112.94576961571238,121.74583435058594,12151200
2026-02-09,123.57958999044801,131.8713891343551,123.38027111251971,130.9445343017578,15696600
2026-02-10,128.57259836443296,132.05077132519898,127.35674104560957,127.66569519042969,12712200
2026-02-11,130.9046843140981,133.9343709752816,126.40000441390404,132.4494171142578,10030500
2026-02-12,132.8580297307738,136.36609994941975,130.95450165355754,131.05416870117188,12282800
2026-02-13,129.96786029185668,133.1570079386974,124.37687988323295,133.0075225830078,10952700
2026-02-17,131.42289791367807,133.3264258244593,127.97463734933335,130.07748413085938,12102600
2026-02-18,131.08407057430136,135.44922585828934,130.8648152271659,131.56243896484375,8257500
2026-02-19,131.55246568709447,133.54568486417168,128.44304863711181,129.54928588867188,9169400
2026-02-20,129.49945641105091,139.79443560692988,129.34995584386914,139.03700256347656,10971200
2026-02-23,141.61823875472118,148.19585338583227,140.53192266806633,144.75755310058594,18558800
2026-02-24,147.4982248911431,152.391581812563,145.25585322894668,151.0760498046875,15041600
2026-02-25,153.3582968785769,161.55042936847948,152.1324560674275,159.88607788085938,17977200
2026-02-26,157.82310726315475,158.34134854727697,147.89686830201617,149.79043579101562,17594700
2026-02-27,148.7620147307439,154.2635776126236,146.3856518313383,150.14988708496094,14555400
2026-03-02,153.21516853986026,160.20445626295333,152.5362164740558,157.61842346191406,15338500
2026-03-03,151.5177731743946,151.7673905931333,141.18360594443692,147.34417724609375,14816800
2026-03-04,150.76892415420858,153.20519265105932,143.12064262339052,144.61834716796875,12683900
2026-03-05,135.95163862877862,143.13063824220268,131.5084514905945,134.5338134765625,18285500
2026-03-06,129.24192396586102,131.87788343705552,122.19272250962955,123.10133361816406,19123600
2026-03-09,120.81483929911967,129.41166442395394,119.8263563832702,128.85252380371094,15927600
2026-03-10,131.81798098994102,139.4163364158241,131.08908710110538,136.0115509033203,16870600
2026-03-11,133.46544569053216,135.12290908281355,129.00228482174595,131.55836486816406,13334300
2026-03-12,130.00074577058268,131.57832965053967,126.70580048638828,129.5714111328125,8024000
2026-03-13,131.00922241102347,133.0361147817477,128.25343615434045,128.9224090576172,6673400
2026-03-16,133.73503808869475,135.07298387053768,131.2188901028929,131.84793090820312,9243400
2026-03-17,128.16356578808302,131.44852425617788,124.4093177446217,129.69122314453125,10251100
2026-03-18,131.80797380789303,135.07297384903697,129.28184679696966,129.66127014160156,10626000
2026-03-19,125.76725056958675,134.04456582794924,123.71040529324907,132.87635803222656,11160100
2026-03-20,132.1574516592401,134.57374653346986,124.21962049775962,124.38935852050781,22234000
2026-03-23,127.87402100828905,135.05300530952172,126.89550973877046,130.7695770263672,13442400
2026-03-24,131.47848484221365,145.27734362534272,130.0606596742602,141.7926788330078,21057200
2026-03-25,144.58840092170294,150.0200787566178,143.13064363002366,146.1260528564453,13328300
2026-03-26,142.18208253308828,142.78117046136748,134.29417781156593,135.11293029785156,11263900
2026-03-27,135.20278028438068,139.88560542631734,133.834866490414,136.6006317138672,8489700
2026-03-30,140.57454647859726,141.67286927495633,126.48614560707317,128.35328674316406,14304100
2026-03-31,131.19891832785433,135.78190603385906,128.20350909447467,135.76193237304688,10788000
2026-04-01,137.78882235332145,144.47856647846012,137.68896928642607,142.16212463378906,12314400
2026-04-02,136.1812797796032,147.9532306666442,136.14134769578084,147.69363403320312,11564100
2026-04-06,147.1844289969691,149.17137404194312,141.50313370137033,146.27581787109375,11943000
2026-04-07,142.2619590692177,148.67213273655466,141.2734838135692,148.292724609375,7791400
2026-04-08,156.70981400087004,164.98713622068982,155.78124450690623,164.84735107421875,15264300
2026-04-09,167.62310110285202,171.95645602168267,166.34506108287837,169.5401611328125,11961300
2026-04-10,172.34586499742423,176.47952917316596,167.7129659442478,170.97796630859375,9907900
2026-04-13,169.39037487119728,175.34126085892578,169.39037487119728,174.9019317626953,7209900
2026-04-14,173.38425844140536,174.44264912807515,165.56625404661267,172.5555419921875,9214100
2026-04-15,171.35736122758766,173.5040801761067,163.76900081761963,168.0124969482422,8872900
2026-04-16,163.12998626766628,166.59467738386562,158.25744920237273,165.8258514404297,13148900
2026-04-17,167.94259468601967,169.83969619168738,163.00017288899977,164.12844848632812,10349800
2026-04-20,165.82584834502677,168.33200178823802,162.26130423008422,165.12692260742188,8571800
2026-04-21,166.2052720031692,170.00943910047073,163.55931817222768,165.19680786132812,6942700
2026-04-22,167.74290802185018,172.68532994326344,162.8204597601718,168.50173950195312,7051500
2026-04-23,168.04245523981623,172.27595705952862,166.25518592707346,169.24061584472656,5484800
2026-04-24,171.54707615962474,178.80595512086404,170.07932448657846,175.62083435058594,10219100
2026-04-27,176.03020601414613,176.72913173663844,165.2667041814503,167.7528839111328,11759700
2026-04-28,150.858788515402,161.75209697431328,149.52084272779885,152.8157958984375,20391600
2026-04-29,155.29199139426328,155.29199139426328,147.94325378470168,151.66754150390625,13744800
2026-04-30,155.5815644731259,164.74750950724538,148.91177859004046,163.98867797851562,12875900
2026-05-01,161.77206277652564,163.71907561695605,157.45866642039832,158.01780700683594,7179600
2026-05-04,162.91032531874797,163.4295186104746,158.06774101875058,159.71522521972656,8508500
2026-05-05,164.17836495643354,169.93953937375628,160.07466912799111,161.85194396972656,12386700
2026-05-06,189.0902063532001,195.51035954025593,175.04172964113187,181.2921600341797,32981100
2026-05-07,186.53411429318717,186.92351686181414,177.72760433824786,182.12086486816406,20243100
2026-05-08,186.92352175260825,197.94662068515177,184.69692332216982,186.6539306640625,20589400
2026-05-11,193.70312307439548,208.60028926815306,191.3667076175292,207.0726318359375,22399700
2026-05-12,204.02730174256115,205.00581305117427,188.00185946842518,197.9366455078125,23121800
2026-05-13,207.5219362394844,211.46588845889576,195.77993819664002,206.1939697265625,15450500
2026-05-14,203.05878318500137,210.1778772026452,200.04341558372408,207.96127319335938,10948500
2026-05-15,197.80684193741988,200.48273354298482,191.5164794921875,191.5164794921875,17221500
2026-05-18,192.94428591215424,193.3636413483371,173.94340917335447,178.27676391601562,16929200
2026-05-19,173.56398895421898,180.22377999330914,169.54015730118127,175.56092834472656,11507700
2026-05-20,180.4134979248047,183.94807406489107,177.95725568577322,180.4134979248047,13838300
2026-05-21,181.7214940588212,193.4535135928385,179.22531968988136,191.5963592529297,14408200
2026-05-22,194.0525957201964,194.68162128221994,189.0502526840699,193.7530517578125,9630900
2026-05-26,198.59561473366355,199.6240372928711,190.90740118761718,195.8697967529297,9069800
2026-05-27,195.70006603429036,196.29915396326476,185.01644302746536,190.59788513183594,11071600
2026-05-28,191.8759206450572,194.93123549295882,182.06096165433055,182.69000244140625,9719300
2026-05-29,184.0800018310547,184.0800018310547,174.5,181.16000366210938,16945700
2026-06-01,176.11000061035156,178.83999633789062,172.42999267578125,176.6999969482422,10897000
2026-06-02,186.5,201.5500030517578,186.0,200.39999389648438,18152400
2026-06-03,201.0,208.57000732421875,195.6999969482422,200.75999450683594,12294800
2026-06-04,192.75999450683594,199.8000030517578,183.8000030517578,197.6999969482422,11424300
2026-06-05,189.3800048828125,190.11000061035156,174.3000030517578,177.5800018310547,15676300
2026-06-08,192.89999389648438,192.89999389648438,185.0,187.5399932861328,12013800
2026-06-09,190.41000366210938,190.41000366210938,166.0,173.94000244140625,16673400
2026-06-10,173.66000366210938,178.47999572753906,166.67999267578125,168.1699981689453,10595200
2026-06-11,169.5,177.30999755859375,168.24000549316406,176.5500030517578,9891800
2026-06-12,178.0,180.77000427246094,173.41000366210938,179.1999969482422,9305000
2026-06-15,187.47000122070312,190.0,185.22999572753906,187.8800048828125,9190800
2026-06-16,187.38999938964844,187.9499969482422,176.1999969482422,177.4199981689453,13482100
2026-06-17,179.0399932861328,180.82000732421875,172.75,175.39999389648438,11093500
2026-06-18,182.3300018310547,196.02000427246094,181.1999969482422,194.9199981689453,22778000
2026-06-22,200.47999572753906,212.38999938964844,196.0,209.8300018310547,18574300
2026-06-23,192.4499969482422,194.80999755859375,186.60000610351562,194.07000732421875,17968900
2026-06-24,194.4199981689453,217.08999633789062,190.92999267578125,205.8300018310547,19233800
2026-06-25,218.5500030517578,230.5,213.02000427246094,228.00999450683594,25620300
2026-06-26,224.42999267578125,226.0,207.72999572753906,221.0500030517578,45397500
2026-06-29,226.89999389648438,258.79998779296875,215.1300048828125,255.69000244140625,24307500
2026-06-30,252.49000549316406,271.7799987792969,250.5,255.42999267578125,22702200
2026-07-01,239.5,240.8699951171875,218.11000061035156,220.6300048828125,22393500
2026-07-02,223.88999938964844,224.00999450683594,193.5399932861328,196.7899932861328,21142600
2026-07-06,199.11000061035156,206.99000549316406,193.16000366210938,194.8000030517578,11938500
2026-07-07,187.02999877929688,191.0,178.39999389648438,185.3800048828125,13482800
2026-07-08,183.4199981689453,188.86000061035156,180.5399932861328,184.02999877929688,8371300
2026-07-09,201.75,204.47999572753906,192.14999389648438,192.3800048828125,9939200
2026-07-10,189.5399932861328,192.77000427246094,186.39999389648438,190.88999938964844,5357500
2026-07-13,185.25,189.07000732421875,178.66000366210938,183.11000061035156,7620500
2026-07-14,192.97999572753906,193.7100067138672,186.0500030517578,187.63999938964844,6966300
2026-07-15,186.60000610351562,187.07000732421875,167.08999633789062,174.41000366210938,13357900
2026-07-16,166.5800018310547,167.5,154.42999267578125,158.38999938964844,17706100
2026-07-17,150.8300018310547,158.3800048828125,146.94000244140625,154.61000061035156,14221000
2026-07-20,157.86000061035156,160.5399932861328,152.58999633789062,153.10000610351562,7826900
2026-07-21,161.3000030517578,164.5,156.60000610351562,162.41000366210938,10182800
2026-07-22,157.0,161.4499969482422,153.8800048828125,154.05999755859375,9996800
2026-07-23,152.25999450683594,160.97999572753906,152.24000549316406,156.05999755859375,8954100
2026-07-24,154.77000427246094,157.39999389648438,145.92999267578125,146.64999389648438,8965900
2026-07-27,145.75,148.69000244140625,136.30999755859375,143.36000061035156,14036500
2026-07-28,121.75,126.0999984741211,114.5,126.01000213623047,46223200
2026-07-29,126.30000305175781,130.8699951171875,122.62000274658203,124.05000305175781,25603400
2026-07-30,130.4199981689453,136.08999633789062,130.0,135.22000122070312,18987700
2026-07-31,143.7899932861328,147.0,138.22999572753906,138.25,14523400
2026-08-03,134.88999938964844,147.94000244140625,132.88999938964844,146.63999938964844,12618600
2026-08-04,155.0,162.49000549316406,150.85000610351562,159.88999938964844,19442500
2026-08-05,156.24000549316406,162.60000610351562,155.85000610351562,156.6999969482422,8877800
2026-08-06,153.25,164.33999633789062,150.72999572753906,157.17999267578125,12305900
2026-08-07,162.88999938964844,170.42999267578125,161.16000366210938,165.67999267578125,10740900
2026-08-10,167.88999938964844,167.88999938964844,157.67999267578125,157.75999450683594,7678200
2026-08-11,159.75,161.7899932861328,158.22000122070312,159.19000244140625,6070300
2026-08-12,168.8000030517578,169.9499969482422,164.2100067138672,167.44000244140625,10086900
2026-08-13,166.0,168.24000549316406,157.91000366210938,158.5399932861328,8579100
2026-08-14,161.0,167.69000244140625,158.27000427246094,165.99000549316406,8319600
2026-08-17,169.74000549316406,176.94000244140625,166.67999267578125,173.2100067138672,11381100
2026-08-18,161.64999389648438,168.05999755859375,157.89999389648438,159.89999389648438,11032300
2026-08-19,160.6300048828125,161.16000366210938,150.6999969482422,152.4600067138672,10637100
2026-08-20,152.25999450683594,154.05999755859375,149.25,151.4499969482422,10582500
2026-08-21,153.85000610351562,155.47999572753906,148.0500030517578,149.83999633789062,6164500
